testcase 1
cook_times=[6, 10, 6, 2, 3, 4]
order=[[1, 5], [2, 5], [4, 5], [1, 6], [2, 6], [3, 6], [4, 6]]
k=6
result=[4, 14]

testcase 2
cook_times=[6, 9, 9, 6, 10, 2, 9, 4, 4, 2]
order=[[1, 3], [2, 3], [1, 4], [5, 6], [4, 7], [3, 8], [3, 9], [4, 10], [5, 10]]
k=6
result=[1, 12]

testcase 3
cook_times=[8, 8, 3, 8, 9, 10, 7, 3, 3, 7]
order=[[2, 5], [3, 5], [4, 5], [1, 6], [2, 6], [4, 6], [2, 7], [5, 8], [6, 8], [7, 8], [5, 9], [6, 9], [7, 9], [5, 10], [6, 10], [7, 10]]
k=8
result=[7, 21]

testcase 4
cook_times=[6, 4, 10, 4]
order=[[1, 4], [2, 4], [3, 4]]
k=4
result=[3, 14]

testcase 5
cook_times=[1, 10, 6, 2, 9, 1, 9]
order=[[1, 5], [2, 5], [3, 5], [4, 5], [1, 6], [2, 6], [3, 6], [4, 6], [2, 7], [3, 7]]
k=5
result=[4, 19]

testcase 6
cook_times=[6, 8, 1, 6, 4, 6, 2, 6]
order=[[2, 6], [4, 6], [5, 6], [1, 7], [4, 7], [5, 7], [1, 8], [2, 8], [3, 8], [4, 8]]
k=7
result=[3, 8]

testcase 7
cook_times=[8, 8, 5, 7, 1, 8]
order=[[1, 5], [2, 5], [3, 5], [4, 5], [1, 6], [2, 6], [3, 6]]
k=5
result=[4, 9]

testcase 8
cook_times=[3, 3, 2, 6]
order=[[1, 4], [2, 4], [3, 4]]
k=2
result=[0, 3]

testcase 9
cook_times=[65, 97, 27, 65, 24, 55, 39, 48, 25, 29, 97, 69, 36, 38, 63, 31, 18, 84, 64, 59, 57, 41, 55, 46, 59, 22, 97, 83, 36, 66, 32, 71, 84, 58, 26, 51, 21, 93, 37, 98, 20, 51, 60, 47]
order=[[1, 7], [3, 8], [1, 11], [2, 11], [5, 11], [4, 13], [6, 16], [9, 16], [10, 18], [11, 18], [15, 19], [13, 20], [15, 20], [7, 21], [10, 21], [11, 21], [12, 21], [14, 21], [8, 22], [12, 23], [14, 23], [20, 24], [22, 24], [21, 25], [22, 25], [23, 25], [16, 27], [20, 27], [23, 27], [16, 28], [17, 28], [18, 28], [19, 29], [21, 29], [23, 29], [21, 30], [22, 30], [25, 31], [29, 32], [30, 32], [27, 33], [24, 34], [28, 34], [29, 34], [25, 35], [26, 35], [27, 35], [24, 36], [29, 36], [30, 36], [31, 38], [33, 38], [36, 38], [33, 39], [35, 39], [31, 40], [32, 40], [34, 40], [34, 41], [36, 41], [32, 42], [36, 42], [32, 43], [34, 43], [31, 44], [35, 44]]
k=29
result=[12, 287]

testcase 10
cook_times=[55, 37, 82, 84, 45, 41, 83, 24, 100, 24, 92, 42, 36, 30, 44, 71, 89, 22, 32, 27, 85, 80, 100, 57, 99, 52, 56, 68, 89, 33, 68, 76, 39, 40, 62, 60, 84, 28, 61, 25, 31, 34, 79, 95, 46, 95, 66, 53, 34, 54, 77, 45, 98]
order=[[1, 10], [2, 10], [4, 10], [8, 10], [4, 11], [5, 12], [9, 13], [2, 14], [7, 14], [2, 15], [1, 16], [6, 16], [9, 16], [3, 17], [9, 17], [2, 18], [5, 18], [8, 18], [6, 19], [10, 20], [12, 20], [15, 20], [17, 20], [18, 20], [19, 20], [12, 21], [13, 21], [11, 22], [12, 22], [15, 22], [16, 22], [17, 22], [18, 22], [14, 23], [16, 23], [18, 23], [10, 25], [11, 25], [14, 25], [15, 25], [20, 26], [21, 26], [23, 26], [24, 26], [25, 26], [20, 27], [23, 27], [22, 28], [20, 29], [25, 29], [20, 31], [23, 31], [27, 32], [28, 32], [30, 32], [31, 32], [26, 33], [29, 33], [30, 33], [31, 33], [27, 34], [28, 34], [29, 34], [30, 34], [31, 34], [26, 36], [28, 36], [29, 36], [30, 36], [31, 36], [26, 37], [29, 38], [26, 39], [27, 39], [34, 40], [35, 40], [37, 40], [38, 40], [33, 41], [37, 41], [38, 41], [34, 42], [35, 42], [37, 42], [39, 42], [34, 43], [36, 43], [37, 43], [38, 44], [39, 44], [32, 45], [35, 45], [34, 46], [36, 46], [39, 46], [40, 47], [42, 47], [46, 47], [45, 48], [41, 49], [42, 49], [44, 49], [41, 50], [43, 50], [45, 50], [46, 50], [40, 51], [42, 51], [43, 51], [46, 51], [40, 52], [41, 52], [42, 52], [44, 52], [40, 53], [41, 53], [43, 53]]
k=21
result=[4, 221]

testcase 11
cook_times=[66, 13, 23, 45, 91, 74, 49, 44, 40, 16, 59, 49, 53, 43, 50, 98, 20, 97, 91, 62, 22, 50, 79, 80, 33, 30, 88, 60, 62, 36, 10, 61, 74, 22, 15, 80, 28, 88, 53, 43, 89, 90, 16, 72, 43, 82, 99, 85, 49, 30, 76, 49, 94, 55, 12, 91, 39, 55, 54, 40, 33, 98, 59, 33, 94, 42, 13, 58, 55, 39, 39, 66, 43, 18, 23, 56, 57, 98, 99, 54, 97]
order=[[1, 12], [8, 13], [9, 13], [10, 13], [1, 14], [6, 14], [8, 14], [2, 15], [4, 15], [5, 15], [9, 15], [11, 15], [3, 16], [4, 16], [7, 16], [3, 17], [7, 17], [11, 17], [1, 18], [3, 18], [4, 19], [7, 19], [8, 19], [11, 19], [6, 20], [8, 20], [14, 21], [17, 21], [15, 22], [18, 22], [20, 22], [18, 23], [20, 23], [12, 24], [17, 24], [19, 24], [13, 25], [18, 25], [19, 26], [19, 27], [20, 27], [12, 28], [18, 28], [17, 29], [19, 29], [20, 29], [16, 30], [23, 31], [26, 31], [24, 32], [25, 32], [29, 32], [23, 33], [26, 33], [28, 33], [29, 33], [30, 33], [22, 34], [25, 34], [28, 34], [30, 34], [23, 35], [25, 35], [30, 35], [21, 36], [26, 36], [28, 36], [23, 37], [27, 37], [21, 38], [24, 38], [25, 38], [26, 38], [28, 38], [30, 38], [32, 39], [37, 39], [31, 40], [36, 40], [37, 40], [35, 41], [32, 42], [31, 43], [32, 43], [32, 44], [38, 44], [31, 46], [34, 46], [33, 47], [37, 47], [42, 48], [41, 49], [42, 49], [41, 50], [42, 50], [45, 50], [46, 50], [44, 51], [39, 52], [40, 52], [46, 52], [40, 53], [46, 53], [47, 53], [41, 54], [42, 54], [43, 54], [47, 54], [41, 55], [47, 55], [50, 56], [49, 57], [50, 57], [51, 57], [52, 57], [53, 57], [55, 57], [51, 58], [54, 58], [49, 59], [51, 59], [55, 59], [50, 60], [53, 60], [55, 60], [48, 61], [50, 61], [55, 61], [51, 62], [56, 63], [58, 63], [57, 64], [58, 64], [59, 64], [62, 64], [61, 65], [57, 66], [58, 67], [59, 68], [61, 68], [58, 69], [56, 70], [57, 70], [59, 70], [61, 70], [57, 71], [59, 71], [60, 71], [61, 71], [62, 71], [64, 72], [66, 72], [67, 72], [69, 72], [63, 73], [65, 73], [66, 73], [64, 74], [70, 74], [63, 75], [65, 76], [69, 76], [70, 76], [64, 77], [63, 78], [68, 78], [65, 79], [66, 79], [70, 79], [65, 80], [66, 80], [67, 80], [69, 80], [71, 81]]
k=25
result=[7, 196]

testcase 12
cook_times=[33, 43, 49, 68, 82, 22, 74, 16, 90, 70, 36, 19, 16, 30, 82, 33, 21, 58, 73, 80, 12, 13, 12, 49, 15, 81, 16, 70, 49, 18, 73, 49, 70, 91, 10, 31, 89, 35, 37, 53, 56, 55, 54, 90, 43, 99, 44, 66, 50, 10, 49]
order=[[1, 8], [1, 9], [2, 9], [4, 9], [5, 9], [5, 10], [6, 10], [7, 10], [1, 11], [1, 12], [2, 13], [3, 13], [1, 15], [2, 15], [5, 15], [11, 16], [12, 16], [14, 16], [8, 17], [10, 17], [13, 17], [14, 17], [15, 17], [8, 18], [10, 18], [11, 18], [13, 18], [15, 18], [8, 19], [11, 19], [12, 19], [14, 19], [11, 20], [15, 20], [8, 21], [9, 21], [11, 21], [18, 22], [19, 22], [19, 23], [20, 23], [21, 23], [16, 24], [18, 24], [20, 24], [16, 25], [18, 25], [19, 25], [21, 26], [16, 28], [17, 28], [22, 30], [24, 30], [26, 30], [22, 31], [23, 31], [26, 31], [28, 31], [22, 32], [25, 32], [24, 33], [25, 33], [27, 33], [22, 34], [26, 34], [27, 34], [22, 35], [24, 35], [25, 35], [26, 35], [24, 36], [26, 36], [32, 37], [33, 37], [35, 37], [36, 37], [30, 38], [31, 38], [33, 38], [34, 38], [31, 39], [33, 39], [29, 40], [30, 40], [31, 40], [36, 40], [29, 42], [33, 42], [29, 43], [31, 43], [30, 44], [31, 44], [33, 44], [35, 44], [36, 44], [37, 45], [39, 45], [44, 45], [37, 46], [41, 46], [42, 46], [43, 46], [37, 47], [38, 47], [40, 47], [42, 47], [44, 47], [37, 48], [39, 48], [39, 49], [44, 49], [42, 50], [44, 50], [37, 51]]
k=38
result=[32, 398]

testcase 13
cook_times=[84, 98, 65, 11, 73, 88, 53, 42, 42, 37, 48, 95, 64, 25, 37, 22, 43, 87, 13, 46, 85, 99, 85, 34, 89, 35, 57, 93, 60, 64, 20, 71, 95, 78, 26, 44, 30, 68, 25, 55, 68, 11, 69, 26]
order=[[1, 8], [3, 8], [4, 8], [1, 9], [3, 9], [6, 9], [7, 9], [3, 10], [4, 10], [5, 10], [6, 10], [7, 11], [1, 12], [4, 12], [7, 12], [2, 13], [3, 13], [5, 13], [7, 13], [8, 14], [10, 15], [11, 15], [13, 15], [8, 16], [9, 16], [10, 16], [10, 17], [12, 17], [8, 18], [13, 18], [14, 19], [15, 19], [14, 20], [15, 20], [15, 22], [18, 22], [14, 23], [15, 23], [16, 23], [17, 23], [14, 24], [19, 25], [21, 25], [22, 25], [23, 25], [24, 25], [19, 26], [20, 26], [21, 26], [22, 26], [23, 26], [24, 26], [20, 27], [21, 27], [22, 27], [23, 27], [24, 27], [19, 28], [20, 28], [21, 28], [22, 28], [23, 28], [24, 28], [30, 34], [32, 34], [29, 36], [31, 36], [33, 38], [34, 38], [35, 38], [33, 39], [35, 39], [36, 39], [37, 39], [35, 40], [37, 40], [33, 41], [35, 41], [38, 42], [40, 42], [38, 43], [39, 43], [40, 43], [38, 44], [40, 44], [41, 44]]
k=19
result=[13, 212]

testcase 14
cook_times=[98, 23, 91, 89, 10, 92, 41, 90, 46, 21, 48, 38, 18, 91, 52, 32, 29, 22, 33]
order=[[1, 4], [2, 4], [2, 5], [3, 5], [3, 6], [1, 7], [2, 7], [3, 7], [1, 8], [2, 8], [3, 8], [9, 12], [10, 12], [11, 12], [9, 13], [9, 15], [11, 15], [13, 16], [12, 17], [12, 18], [15, 18], [12, 19], [14, 19]]
k=7
result=[3, 139]

testcase 15
cook_times=[306, 522, 584, 330, 702, 348, 945, 492, 448, 906, 113, 127, 965, 517, 693, 623, 814, 145, 137, 909, 227, 583, 962, 658, 366, 851, 132, 674, 399, 261, 808, 920, 298, 742, 764, 706, 678, 129, 550, 162, 786, 862, 661, 511, 762, 375, 327, 203, 954, 522, 794, 731, 830, 584, 701, 420, 103, 631, 588, 168, 391, 928, 430, 225, 899, 591, 622, 842, 964, 548, 530, 817, 152, 901, 218, 283, 236, 231, 508, 400, 572, 742, 215, 782, 319, 907, 507, 953, 724, 121, 823, 923, 282, 585, 437, 197, 283, 218, 645, 959, 374, 534, 403, 377, 634, 943, 457, 867, 955, 936, 649, 390, 424, 884, 834, 948, 706, 376, 968, 458, 967, 875, 712, 768, 226, 774, 614, 423, 584, 820, 267, 753, 683, 545, 987, 745, 134, 696, 402, 395, 255, 856, 137, 128, 733, 299, 177, 710, 331, 126, 459, 214, 189, 577, 895, 128, 903, 939, 254, 100, 454, 580, 741, 214, 389, 503, 860, 981, 919, 866, 347, 494, 107, 412, 972, 903, 335, 355, 438, 659, 800, 645, 194, 447, 711, 906, 666, 240, 125, 159, 304, 401, 461, 884, 729, 387, 956, 667, 771, 129, 141, 556, 249, 186, 258, 961, 733, 550, 184, 317, 568, 567, 420, 234, 319, 705, 197, 480, 896, 381, 429, 936, 550, 914, 694, 277, 277, 462, 141, 592, 393, 868, 208, 405, 939, 489, 526, 633, 611, 944, 766, 214, 931, 460, 253, 406, 859, 137, 356, 245, 831, 1000, 712, 532, 325, 950, 240, 822, 835, 757, 668, 934, 715, 489, 683, 749, 676, 120, 116, 982, 573, 577, 150, 902, 766, 693, 595, 306, 721, 435, 163, 528, 803, 931, 339, 506, 738, 503, 868, 316, 968, 376, 681, 460, 887, 358, 925, 945, 587, 179, 866, 587, 668, 999, 320, 630, 611, 592, 885, 289, 100, 507, 520, 565, 154, 551, 746, 837, 661, 437, 281, 675, 213, 625, 208, 663, 250, 846, 239, 587, 195, 566, 645, 578, 450, 829, 829, 177, 767, 399, 810, 249, 530, 998, 112, 292, 177, 939, 840, 912, 380, 369, 632, 807, 168, 955, 610, 707, 511, 679, 348, 666, 505, 238, 202, 210, 214, 964, 949, 822, 984, 134, 925, 726, 113, 837, 854, 603, 124, 840, 971, 377, 857, 258, 209, 181, 967, 144, 738, 296, 145, 175, 622, 779, 183, 547, 763, 750, 297, 957, 678, 328, 317, 680, 791, 313, 792, 721, 182, 106, 946, 554, 966, 596, 963, 898, 841, 574, 457, 868, 279, 635, 847, 356, 755, 487, 945, 259, 295, 498, 841, 994, 424, 666, 175, 285, 823, 860, 837, 526, 174, 101, 951, 248, 458, 130, 983, 430, 173, 262, 655, 362, 763, 619, 945, 549, 639, 607, 210, 905, 958, 683, 787, 364, 978, 431, 263, 439, 425, 291, 667, 195, 513, 277, 226, 690, 950, 769, 225, 161, 435, 393, 962, 618, 521, 751, 687, 542, 209, 335, 149, 113, 734, 463, 906, 831, 571, 128, 430, 864, 745, 961, 692, 258, 637, 659, 807, 599, 879, 513, 618, 872, 478, 296, 656, 418, 594, 236, 719, 465, 150, 185, 645, 849, 467, 249, 549, 885, 152, 307, 524, 265, 967, 485, 529, 471, 285, 716, 982, 179, 243, 486, 179, 111, 558, 851, 791, 287, 572, 748, 691, 450, 767, 196, 198, 799, 193, 682, 917, 966, 691, 907, 122, 230, 348, 757, 434, 498, 673, 893, 917, 434, 376, 739, 844, 687, 928, 106, 877, 985, 968, 770, 756, 510, 457, 234, 205, 368, 524, 752, 165, 898, 149, 652, 129, 347, 966, 787, 575, 102, 855, 600, 187, 282, 587, 535, 491, 244, 598, 357, 658, 486, 216, 801, 230, 814, 602, 754, 593, 793, 680, 567, 733, 145, 998, 598, 186, 260, 666, 401, 834, 988, 262, 642, 306, 920, 692, 712, 674, 252, 801, 923, 284, 731, 797, 475, 705, 277, 328, 339, 598, 578, 231, 872, 180, 666, 315, 658, 945, 903, 241, 391, 610, 354, 495, 857, 683, 449, 661, 375, 844, 581, 954, 783, 126, 238, 222, 282, 293, 194, 138, 319, 961, 848, 321, 717, 678, 750, 289, 673, 127, 343, 544, 743, 180, 264, 470, 853, 341, 974, 985, 688, 956, 202, 171, 124, 972, 889, 358, 289, 773, 425, 673, 540, 127, 922, 916, 533, 301, 918, 579, 500, 398, 890, 353, 131, 457, 952, 154, 582, 672, 303, 518, 220, 181, 477, 430, 740, 184, 509, 942, 258, 889, 690, 541, 480, 543, 471, 248, 491, 209, 306, 977, 336, 346, 447, 775, 967, 696, 280, 419, 141, 237, 129, 992, 975, 831, 455, 813, 931, 317, 215, 193, 806, 744, 320, 865, 502, 837, 997, 263, 684, 667, 358, 931, 500, 793, 673, 560, 530, 462, 935, 679, 270, 387, 129, 924, 397, 236, 695, 926, 865, 553, 261, 543, 766, 950, 677, 311, 750, 651, 770, 739, 240, 156, 972, 337, 542, 307, 939, 947, 814, 956, 878, 124, 505, 560, 284, 990]
order=[[8, 30], [15, 30], [22, 30], [5, 31], [20, 31], [21, 31], [1, 34], [20, 34], [25, 34], [3, 35], [4, 35], [14, 35], [15, 35], [17, 35], [22, 35], [23, 35], [13, 36], [27, 36], [21, 37], [27, 37], [8, 38], [14, 38], [20, 38], [22, 38], [3, 39], [8, 39], [19, 39], [10, 40], [26, 40], [23, 42], [17, 43], [18, 43], [21, 43], [24, 43], [27, 43], [6, 44], [10, 44], [13, 44], [18, 44], [5, 45], [7, 47], [9, 47], [29, 47], [3, 48], [10, 48], [13, 48], [25, 48], [12, 49], [26, 50], [10, 51], [26, 51], [11, 52], [16, 52], [28, 52], [12, 53], [14, 53], [23, 53], [24, 53], [19, 54], [22, 55], [26, 55], [27, 55], [2, 56], [9, 56], [15, 56], [14, 57], [1, 58], [7, 59], [20, 60], [34, 62], [46, 62], [57, 62], [61, 62], [32, 63], [39, 63], [51, 64], [31, 65], [49, 65], [52, 65], [37, 66], [36, 67], [47, 67], [52, 67], [56, 67], [33, 68], [38, 68], [42, 68], [47, 68], [57, 68], [34, 69], [48, 69], [39, 70], [41, 70], [60, 70], [30, 71], [36, 71], [43, 71], [45, 71], [58, 71], [33, 72], [49, 72], [50, 72], [34, 73], [53, 73], [55, 73], [37, 74], [54, 74], [31, 75], [33, 75], [45, 75], [52, 75], [53, 76], [36, 77], [54, 77], [32, 78], [37, 78], [60, 78], [43, 79], [51, 79], [31, 80], [41, 80], [37, 81], [46, 81], [51, 81], [57, 81], [35, 82], [32, 83], [35, 83], [39, 83], [58, 83], [49, 84], [50, 84], [31, 85], [46, 85], [50, 86], [52, 86], [32, 87], [44, 88], [46, 88], [48, 88], [58, 88], [59, 88], [42, 89], [43, 89], [51, 89], [58, 89], [35, 90], [40, 90], [45, 90], [49, 90], [56, 90], [39, 91], [60, 91], [89, 92], [77, 93], [90, 93], [64, 94], [70, 94], [74, 94], [79, 94], [80, 94], [90, 94], [68, 95], [73, 95], [78, 95], [79, 95], [82, 95], [85, 95], [85, 96], [88, 96], [65, 97], [66, 97], [82, 97], [91, 97], [67, 98], [76, 98], [83, 98], [86, 98], [63, 99], [68, 99], [76, 99], [81, 99], [83, 99], [89, 99], [91, 99], [66, 100], [69, 100], [71, 100], [78, 101], [68, 102], [79, 102], [65, 103], [76, 103], [67, 104], [72, 104], [75, 104], [80, 104], [89, 104], [64, 105], [67, 105], [84, 105], [74, 106], [82, 106], [70, 107], [75, 107], [87, 107], [68, 108], [79, 108], [84, 108], [63, 109], [65, 109], [73, 109], [64, 110], [72, 110], [74, 110], [90, 111], [72, 112], [63, 113], [70, 113], [80, 113], [66, 114], [81, 114], [86, 114], [75, 115], [83, 115], [90, 115], [82, 116], [67, 117], [78, 117], [89, 117], [91, 117], [62, 118], [78, 118], [97, 120], [98, 120], [99, 120], [117, 120], [105, 121], [92, 122], [104, 122], [106, 123], [111, 123], [114, 123], [115, 123], [92, 124], [94, 124], [98, 124], [111, 125], [98, 126], [100, 126], [112, 126], [106, 127], [108, 127], [116, 127], [118, 127], [103, 128], [109, 129], [104, 130], [117, 131], [96, 132], [106, 132], [104, 133], [114, 133], [93, 134], [96, 134], [115, 134], [100, 135], [93, 136], [109, 136], [99, 137], [93, 138], [116, 138], [96, 139], [102, 140], [97, 141], [102, 141], [116, 141], [115, 142], [98, 143], [114, 143], [95, 144], [99, 144], [101, 144], [118, 144], [97, 145], [111, 145], [92, 146], [97, 146], [100, 146], [109, 146], [118, 146], [92, 147], [95, 147], [104, 147], [113, 147], [116, 147], [118, 147], [112, 148], [107, 149], [108, 149], [110, 149], [96, 150], [143, 151], [146, 151], [149, 151], [121, 152], [132, 152], [121, 153], [140, 153], [130, 154], [131, 154], [142, 154], [119, 155], [128, 155], [129, 155], [143, 155], [120, 156], [134, 156], [121, 157], [150, 157], [135, 158], [138, 158], [145, 158], [134, 159], [139, 160], [147, 160], [148, 160], [150, 160], [123, 161], [142, 161], [137, 162], [139, 162], [125, 163], [132, 163], [149, 163], [123, 164], [136, 164], [127, 165], [131, 165], [140, 165], [143, 165], [145, 165], [146, 165], [119, 166], [139, 166], [143, 167], [147, 168], [120, 169], [129, 169], [119, 171], [129, 171], [126, 172], [122, 173], [130, 173], [141, 174], [146, 174], [125, 175], [137, 176], [144, 176], [149, 176], [124, 177], [129, 177], [136, 177], [132, 178], [135, 178], [144, 178], [147, 178], [149, 178], [131, 179], [135, 179], [125, 180], [133, 180], [147, 180], [135, 181], [142, 181], [145, 181], [146, 181], [151, 182], [165, 182], [168, 182], [179, 182], [156, 183], [176, 183], [178, 183], [179, 183], [163, 184], [164, 184], [159, 185], [160, 185], [151, 186], [165, 186], [169, 186], [173, 186], [160, 187], [171, 187], [173, 187], [160, 188], [173, 189], [151, 190], [167, 191], [171, 191], [152, 192], [163, 192], [167, 192], [178, 192], [181, 192], [152, 193], [174, 193], [179, 193], [161, 194], [166, 194], [174, 194], [152, 195], [159, 195], [162, 195], [176, 195], [152, 196], [157, 196], [158, 196], [167, 196], [173, 196], [164, 197], [157, 198], [160, 198], [153, 199], [164, 199], [170, 199], [178, 199], [168, 200], [161, 201], [180, 201], [162, 203], [159, 204], [177, 204], [181, 204], [172, 205], [176, 205], [178, 206], [158, 207], [179, 207], [180, 207], [180, 208], [181, 208], [154, 209], [156, 209], [157, 209], [161, 209], [176, 209], [180, 209], [155, 210], [161, 210], [168, 210], [162, 211], [171, 211], [159, 212], [175, 212], [182, 213], [184, 213], [198, 213], [200, 213], [208, 213], [210, 213], [190, 214], [196, 214], [208, 214], [183, 215], [197, 215], [183, 216], [206, 216], [193, 217], [194, 217], [198, 217], [203, 217], [207, 217], [195, 218], [196, 218], [208, 218], [186, 219], [188, 220], [184, 221], [188, 221], [194, 221], [189, 222], [196, 222], [204, 222], [212, 222], [186, 223], [187, 223], [202, 223], [210, 223], [212, 223], [190, 224], [191, 224], [196, 224], [205, 224], [204, 225], [209, 225], [188, 226], [191, 226], [198, 226], [203, 226], [182, 227], [200, 227], [202, 227], [199, 228], [211, 228], [182, 229], [184, 229], [189, 229], [211, 229], [195, 230], [204, 230], [192, 231], [201, 231], [184, 232], [199, 232], [204, 232], [211, 232], [212, 232], [183, 233], [185, 233], [189, 233], [193, 233], [189, 234], [195, 235], [197, 235], [210, 235], [212, 235], [186, 237], [193, 237], [195, 237], [210, 237], [193, 238], [199, 238], [203, 238], [205, 238], [187, 239], [194, 239], [198, 239], [206, 240], [208, 240], [213, 241], [216, 241], [218, 242], [234, 242], [238, 242], [214, 243], [217, 243], [221, 243], [222, 243], [232, 243], [237, 243], [237, 244], [239, 244], [226, 245], [234, 245], [239, 245], [229, 246], [219, 248], [240, 248], [222, 250], [228, 251], [231, 251], [232, 251], [221, 252], [238, 252], [219, 253], [224, 253], [230, 253], [233, 253], [219, 254], [220, 254], [239, 254], [216, 255], [229, 255], [236, 255], [220, 256], [227, 256], [228, 256], [234, 256], [235, 256], [236, 256], [224, 257], [214, 258], [232, 258], [226, 259], [239, 259], [214, 260], [217, 260], [238, 261], [240, 261], [227, 262], [232, 262], [220, 263], [223, 263], [225, 263], [231, 263], [220, 264], [234, 264], [236, 264], [215, 265], [228, 265], [231, 265], [214, 266], [222, 270], [231, 270], [267, 271], [270, 271], [258, 273], [262, 273], [252, 274], [248, 275], [250, 275], [264, 275], [266, 275], [248, 276], [249, 276], [257, 276], [261, 276], [269, 276], [258, 277], [269, 277], [247, 280], [255, 280], [257, 280], [242, 281], [252, 281], [264, 281], [247, 282], [258, 282], [270, 282], [251, 283], [255, 283], [248, 284], [257, 284], [264, 284], [249, 285], [255, 285], [241, 286], [253, 286], [246, 287], [255, 287], [256, 287], [251, 288], [259, 288], [249, 289], [265, 289], [269, 289], [245, 291], [247, 291], [263, 291], [265, 291], [244, 293], [270, 293], [249, 294], [251, 294], [254, 294], [259, 295], [262, 295], [256, 296], [266, 296], [257, 297], [263, 297], [267, 297], [243, 298], [248, 298], [250, 298], [251, 298], [253, 298], [256, 298], [265, 298], [266, 298], [253, 299], [260, 299], [266, 299], [270, 299], [244, 300], [264, 300], [268, 300], [286, 301], [288, 301], [282, 302], [293, 302], [290, 303], [298, 303], [273, 304], [286, 304], [278, 305], [272, 306], [274, 306], [280, 306], [286, 306], [288, 306], [283, 307], [280, 308], [284, 308], [297, 308], [272, 309], [285, 309], [274, 310], [284, 310], [285, 310], [290, 310], [292, 310], [296, 310], [275, 311], [276, 311], [277, 311], [294, 311], [296, 311], [280, 312], [295, 312], [276, 313], [289, 314], [291, 314], [292, 314], [300, 314], [280, 315], [281, 315], [288, 315], [275, 316], [278, 316], [282, 316], [283, 316], [297, 316], [300, 316], [278, 317], [287, 317], [292, 317], [292, 318], [294, 318], [297, 318], [298, 318], [275, 319], [279, 319], [283, 319], [284, 320], [293, 321], [295, 321], [298, 321], [275, 322], [285, 322], [298, 322], [271, 323], [299, 323], [274, 324], [279, 324], [281, 324], [297, 325], [276, 326], [277, 326], [281, 326], [290, 326], [299, 326], [284, 327], [294, 327], [274, 328], [287, 328], [289, 328], [290, 328], [328, 329], [305, 330], [313, 330], [315, 330], [316, 330], [319, 330], [328, 330], [312, 331], [323, 331], [325, 331], [327, 331], [321, 333], [310, 334], [317, 334], [316, 335], [322, 335], [316, 336], [322, 336], [326, 336], [313, 337], [323, 337], [327, 339], [328, 339], [310, 340], [323, 340], [304, 341], [320, 341], [306, 342], [313, 342], [325, 343], [305, 344], [308, 344], [326, 344], [328, 344], [325, 345], [313, 346], [321, 346], [327, 346], [303, 347], [306, 347], [311, 347], [315, 347], [314, 348], [302, 349], [306, 349], [309, 349], [318, 349], [324, 349], [302, 350], [310, 350], [317, 350], [326, 350], [307, 351], [320, 351], [303, 353], [301, 354], [302, 354], [316, 354], [321, 354], [324, 354], [314, 355], [308, 356], [325, 356], [303, 358], [312, 358], [324, 358], [327, 358], [333, 359], [347, 360], [350, 360], [332, 361], [340, 361], [345, 361], [354, 361], [355, 361], [331, 362], [342, 362], [349, 362], [329, 363], [332, 363], [337, 364], [334, 365], [338, 365], [356, 365], [334, 366], [335, 366], [336, 366], [346, 366], [329, 367], [334, 367], [331, 368], [334, 368], [343, 368], [351, 369], [357, 370], [337, 371], [351, 371], [352, 371], [332, 372], [344, 372], [338, 373], [356, 373], [336, 374], [354, 374], [339, 375], [341, 375], [342, 375], [348, 375], [355, 376], [356, 376], [354, 377], [358, 377], [329, 378], [338, 378], [350, 378], [351, 378], [352, 378], [347, 379], [355, 379], [357, 379], [330, 380], [358, 380], [339, 381], [331, 382], [355, 382], [357, 382], [346, 383], [340, 384], [342, 384], [343, 384], [352, 384], [356, 384], [329, 385], [347, 385], [335, 386], [345, 386], [351, 386], [353, 386], [354, 386], [360, 387], [368, 387], [379, 387], [365, 388], [372, 388], [385, 388], [366, 389], [374, 389], [363, 390], [375, 390], [361, 391], [373, 391], [365, 392], [366, 392], [360, 393], [364, 393], [376, 393], [369, 394], [373, 394], [379, 394], [384, 394], [385, 394], [364, 395], [380, 398], [363, 399], [367, 399], [369, 400], [370, 400], [373, 400], [362, 401], [379, 401], [384, 401], [362, 402], [370, 403], [375, 403], [380, 403], [379, 404], [371, 405], [377, 405], [384, 405], [386, 405], [364, 406], [370, 407], [374, 407], [374, 408], [376, 408], [365, 409], [372, 409], [381, 409], [383, 409], [360, 410], [375, 410], [372, 411], [373, 411], [375, 411], [382, 411], [369, 412], [376, 412], [380, 412], [359, 413], [365, 413], [369, 413], [372, 413], [371, 414], [378, 414], [383, 414], [384, 414], [360, 415], [377, 415], [382, 415], [391, 416], [392, 416], [397, 416], [411, 416], [402, 417], [390, 418], [396, 418], [409, 418], [412, 418], [387, 419], [393, 419], [397, 420], [406, 420], [408, 420], [387, 421], [399, 421], [405, 421], [397, 422], [410, 422], [415, 422], [395, 423], [408, 423], [396, 424], [388, 425], [399, 425], [392, 426], [387, 427], [398, 427], [390, 428], [393, 428], [395, 428], [400, 428], [415, 428], [388, 429], [396, 429], [413, 429], [415, 429], [387, 430], [399, 430], [404, 432], [393, 433], [415, 433], [401, 434], [402, 434], [403, 434], [413, 434], [390, 435], [396, 435], [407, 435], [413, 435], [395, 436], [402, 437], [408, 437], [394, 438], [397, 438], [400, 438], [391, 439], [404, 439], [409, 439], [410, 439], [414, 439], [389, 440], [402, 441], [409, 442], [399, 444], [409, 444], [426, 446], [438, 446], [430, 447], [437, 447], [440, 447], [423, 448], [429, 448], [423, 449], [435, 449], [416, 450], [421, 450], [418, 451], [432, 451], [442, 451], [443, 451], [417, 452], [418, 452], [420, 452], [441, 452], [442, 452], [443, 452], [444, 452], [445, 452], [419, 453], [424, 453], [435, 454], [442, 454], [424, 455], [416, 456], [422, 456], [426, 456], [434, 456], [428, 458], [439, 458], [419, 459], [431, 459], [431, 460], [422, 461], [436, 461], [438, 461], [422, 462], [428, 464], [429, 464], [425, 465], [427, 465], [444, 465], [424, 466], [430, 466], [442, 466], [417, 467], [429, 467], [437, 467], [439, 467], [416, 468], [421, 468], [424, 468], [433, 468], [436, 468], [416, 469], [418, 469], [419, 470], [438, 470], [440, 470], [419, 471], [420, 472], [426, 472], [427, 472], [429, 472], [437, 472], [438, 472], [444, 472], [445, 472], [418, 473], [420, 473], [422, 473], [423, 473], [436, 473], [417, 474], [420, 474], [427, 474], [433, 474], [445, 474], [457, 476], [461, 476], [468, 476], [459, 477], [461, 477], [456, 478], [458, 478], [463, 478], [464, 479], [448, 480], [455, 480], [446, 481], [451, 481], [452, 481], [453, 481], [465, 481], [466, 483], [474, 484], [450, 485], [471, 485], [447, 486], [450, 486], [472, 486], [473, 486], [459, 487], [469, 487], [449, 488], [455, 488], [458, 488], [460, 488], [465, 490], [466, 490], [446, 491], [454, 492], [457, 492], [466, 493], [470, 493], [447, 494], [470, 496], [448, 497], [457, 497], [465, 497], [452, 498], [455, 498], [450, 499], [456, 499], [467, 499], [475, 500], [450, 501], [453, 501], [462, 501], [447, 502], [453, 502], [462, 502], [464, 502], [475, 502], [448, 503], [466, 503], [471, 503], [447, 504], [455, 504], [460, 504], [477, 505], [481, 506], [500, 507], [489, 508], [489, 509], [502, 510], [492, 511], [500, 512], [501, 512], [485, 513], [489, 513], [491, 513], [494, 514], [496, 514], [480, 515], [498, 515], [476, 516], [485, 516], [490, 516], [499, 516], [482, 517], [500, 519], [489, 520], [494, 521], [477, 522], [478, 522], [484, 522], [493, 522], [502, 522], [496, 523], [504, 523], [480, 524], [500, 524], [480, 525], [488, 525], [492, 525], [479, 526], [486, 526], [499, 526], [502, 526], [477, 527], [497, 527], [495, 528], [501, 528], [488, 529], [494, 529], [502, 529], [503, 529], [477, 530], [480, 530], [494, 530], [479, 531], [483, 531], [495, 531], [498, 531], [487, 532], [479, 533], [482, 533], [493, 533], [495, 533], [487, 534], [491, 534], [495, 534], [498, 534], [512, 535], [510, 536], [511, 536], [516, 536], [517, 536], [524, 536], [527, 536], [507, 537], [522, 537], [514, 538], [521, 538], [507, 539], [531, 539], [513, 540], [521, 540], [531, 540], [514, 541], [520, 541], [522, 541], [526, 541], [506, 542], [511, 542], [524, 542], [532, 542], [515, 543], [525, 543], [527, 543], [528, 543], [534, 543], [505, 544], [528, 544], [511, 545], [513, 545], [518, 545], [532, 545], [529, 546], [532, 546], [507, 547], [528, 547], [530, 547], [534, 548], [509, 552], [516, 552], [532, 552], [533, 552], [507, 553], [508, 553], [527, 553], [517, 554], [529, 554], [512, 555], [520, 555], [528, 555], [533, 555], [509, 556], [510, 556], [509, 557], [512, 557], [522, 557], [530, 557], [508, 558], [522, 558], [525, 558], [531, 558], [533, 558], [509, 559], [512, 559], [517, 559], [519, 559], [505, 560], [508, 560], [511, 560], [513, 560], [523, 560], [518, 561], [520, 561], [527, 562], [549, 564], [550, 565], [535, 567], [540, 567], [541, 567], [556, 567], [537, 568], [538, 568], [539, 568], [546, 568], [548, 568], [553, 568], [555, 568], [560, 568], [561, 568], [547, 569], [537, 570], [547, 570], [552, 570], [561, 570], [535, 571], [544, 571], [551, 571], [562, 571], [546, 572], [547, 572], [553, 572], [552, 573], [562, 573], [543, 574], [537, 575], [545, 575], [547, 575], [549, 575], [557, 575], [541, 576], [543, 576], [549, 576], [537, 577], [544, 577], [545, 577], [548, 577], [561, 577], [535, 578], [549, 578], [554, 578], [558, 578], [544, 579], [546, 579], [558, 579], [553, 581], [554, 581], [557, 581], [535, 582], [539, 582], [562, 582], [538, 583], [541, 583], [550, 583], [555, 583], [557, 583], [542, 585], [552, 585], [553, 585], [561, 585], [540, 586], [560, 586], [543, 587], [545, 587], [550, 587], [559, 588], [536, 589], [539, 589], [560, 589], [536, 590], [540, 590], [541, 590], [551, 590], [557, 590], [559, 590], [573, 592], [571, 593], [589, 593], [582, 594], [566, 595], [574, 595], [572, 596], [584, 596], [588, 596], [567, 598], [572, 598], [578, 598], [586, 598], [590, 598], [567, 599], [577, 599], [589, 601], [591, 601], [573, 602], [569, 603], [571, 603], [576, 603], [580, 603], [582, 603], [590, 603], [565, 604], [570, 604], [586, 605], [587, 605], [590, 605], [568, 606], [579, 606], [582, 606], [567, 607], [581, 607], [585, 607], [568, 608], [575, 608], [571, 609], [573, 609], [581, 609], [571, 610], [576, 610], [578, 610], [583, 610], [585, 610], [564, 611], [585, 612], [587, 612], [572, 613], [582, 613], [563, 614], [564, 614], [589, 614], [574, 615], [580, 615], [569, 617], [567, 618], [574, 618], [575, 618], [588, 618], [570, 619], [574, 619], [578, 619], [580, 619], [568, 620], [573, 620], [580, 620], [572, 621], [590, 621], [594, 622], [618, 622], [597, 623], [598, 623], [617, 623], [620, 623], [621, 623], [593, 624], [604, 624], [621, 624], [612, 625], [600, 626], [606, 626], [607, 626], [608, 626], [594, 627], [594, 628], [596, 628], [596, 629], [617, 629], [613, 630], [621, 630], [597, 631], [599, 631], [604, 631], [615, 631], [619, 631], [596, 632], [603, 632], [610, 632], [605, 635], [619, 635], [611, 636], [600, 637], [603, 637], [605, 637], [615, 637], [592, 638], [600, 638], [604, 638], [615, 638], [593, 639], [599, 639], [605, 639], [593, 640], [595, 640], [597, 641], [598, 641], [599, 641], [607, 641], [603, 642], [600, 643], [593, 644], [598, 644], [609, 644], [621, 644], [619, 645], [595, 646], [596, 646], [599, 646], [603, 646], [619, 646], [601, 647], [602, 647], [612, 647], [597, 648], [601, 648], [614, 648], [615, 648], [616, 649], [610, 650], [643, 653], [646, 653], [622, 654], [639, 655], [644, 655], [650, 655], [644, 656], [632, 657], [634, 657], [623, 658], [625, 658], [650, 658], [640, 659], [636, 660], [639, 660], [640, 660], [624, 661], [628, 661], [634, 661], [640, 661], [647, 661], [626, 662], [629, 662], [643, 662], [645, 662], [642, 663], [623, 664], [638, 664], [647, 664], [649, 664], [625, 665], [635, 665], [636, 666], [648, 666], [649, 666], [641, 667], [644, 667], [647, 667], [631, 668], [637, 668], [644, 668], [651, 668], [626, 669], [630, 670], [651, 670], [629, 671], [641, 671], [650, 671], [628, 672], [631, 672], [625, 673], [626, 673], [638, 675], [643, 675], [650, 675], [651, 675], [627, 677], [623, 678], [633, 678], [631, 679], [638, 679], [646, 679], [627, 680], [631, 680], [663, 681], [669, 681], [678, 681], [677, 682], [675, 683], [660, 684], [680, 684], [666, 685], [654, 686], [658, 686], [675, 686], [657, 687], [663, 687], [676, 687], [680, 687], [665, 688], [672, 688], [652, 689], [671, 689], [661, 690], [678, 690], [663, 691], [668, 691], [670, 692], [655, 693], [669, 693], [654, 694], [658, 694], [663, 694], [653, 695], [668, 695], [674, 695], [653, 696], [661, 696], [670, 696], [677, 696], [678, 696], [660, 697], [664, 697], [667, 697], [653, 698], [654, 698], [679, 699], [665, 700], [674, 700], [655, 702], [661, 702], [668, 702], [669, 702], [677, 702], [674, 704], [660, 705], [662, 705], [665, 705], [666, 705], [678, 705], [656, 707], [673, 707], [676, 707], [658, 708], [674, 708], [655, 709], [657, 709], [659, 709], [653, 710], [656, 710], [661, 710], [672, 710], [669, 711], [688, 712], [705, 712], [707, 712], [683, 713], [688, 713], [696, 713], [701, 713], [704, 713], [683, 714], [685, 714], [693, 714], [698, 714], [702, 714], [710, 714], [711, 714], [685, 715], [686, 716], [690, 716], [694, 716], [697, 716], [706, 716], [694, 717], [705, 717], [707, 717], [709, 717], [692, 718], [694, 718], [706, 719], [707, 720], [692, 721], [696, 721], [697, 722], [702, 722], [706, 722], [692, 723], [695, 723], [697, 723], [690, 724], [699, 724], [701, 724], [681, 725], [682, 725], [694, 725], [698, 725], [704, 725], [709, 725], [688, 726], [684, 728], [700, 728], [711, 729], [697, 730], [699, 730], [683, 731], [684, 732], [696, 732], [702, 734], [703, 734], [698, 735], [699, 736], [708, 736], [705, 737], [709, 737], [683, 739], [684, 739], [689, 739], [691, 739], [685, 740], [687, 740], [691, 740], [689, 741], [724, 742], [727, 742], [729, 742], [714, 743], [717, 743], [722, 743], [722, 744], [714, 745], [715, 745], [717, 746], [721, 746], [726, 746], [713, 747], [719, 747], [726, 747], [725, 748], [729, 748], [716, 749], [739, 749], [724, 750], [723, 751], [725, 751], [736, 751], [740, 751], [718, 752], [728, 752], [729, 752], [727, 753], [735, 753], [736, 753], [740, 753], [713, 755], [737, 755], [723, 756], [724, 756], [728, 756], [731, 756], [735, 756], [718, 757], [728, 757], [715, 758], [727, 758], [734, 758], [741, 758], [720, 759], [725, 759], [738, 759], [726, 760], [734, 761], [715, 762], [717, 762], [738, 762], [730, 763], [732, 763], [735, 764], [726, 765], [727, 765], [739, 765], [715, 766], [717, 766], [719, 766], [732, 766], [719, 767], [730, 767], [736, 767], [712, 768], [729, 768], [731, 768], [716, 769], [718, 769], [720, 769], [728, 769], [734, 769], [713, 770], [718, 770], [733, 770], [740, 770], [755, 771], [761, 772], [764, 772], [769, 772], [757, 773], [745, 774], [756, 774], [765, 774], [751, 775], [753, 775], [760, 775], [748, 776], [752, 776], [762, 776], [743, 777], [747, 777], [765, 778], [747, 779], [759, 779], [769, 779], [742, 780], [743, 780], [757, 780], [762, 780], [768, 780], [751, 781], [763, 781], [751, 782], [763, 782], [765, 782], [754, 783], [768, 783], [744, 784], [746, 784], [747, 784], [768, 784], [759, 785], [763, 785], [750, 786], [751, 787], [759, 787], [767, 787], [742, 788], [744, 788], [742, 789], [749, 789], [755, 790], [760, 790], [744, 791], [743, 792], [762, 792], [770, 792], [752, 793], [768, 793], [756, 794], [766, 794], [763, 795], [754, 796], [745, 797], [765, 797], [752, 798], [764, 798], [758, 799], [756, 800], [779, 801], [782, 801], [800, 801], [772, 802], [777, 802], [793, 802], [784, 803], [786, 803], [776, 804], [780, 804], [782, 804], [792, 804], [774, 805], [777, 805], [800, 805], [796, 806], [797, 806], [775, 807], [776, 807], [791, 807], [794, 807], [799, 807], [774, 808], [784, 808], [787, 808], [772, 809], [775, 809], [780, 809], [783, 809], [785, 809], [798, 809], [800, 809], [795, 810], [780, 811], [792, 811], [797, 811], [799, 811], [798, 812], [772, 813], [776, 813], [796, 813], [774, 814], [780, 814], [795, 814], [773, 815], [781, 815], [793, 815], [796, 815], [800, 816], [779, 817], [786, 817], [790, 817], [792, 817], [798, 817], [799, 817], [787, 818], [771, 819], [776, 819], [781, 819], [773, 820], [775, 821], [778, 821], [790, 821], [792, 822], [795, 822], [774, 823], [779, 823], [778, 824], [782, 824], [783, 824], [785, 824], [775, 825], [777, 826], [782, 826], [786, 826], [797, 826], [772, 827], [781, 827], [786, 827], [788, 827], [793, 828], [796, 828], [781, 829], [787, 829], [789, 829], [793, 829]]
k=454
result=[352, 12515]

testcase 16
cook_times=[746, 839, 247, 843, 865, 576, 169, 504, 684, 632, 212, 657, 728, 918, 548, 733, 772, 355, 636, 248, 222, 178, 369, 395, 424, 575, 810, 875, 748, 501, 444, 403, 797, 800, 977, 349, 936, 960, 673, 290, 335, 504, 427, 366, 158, 533, 920, 762, 527, 314, 745, 298, 759, 828, 316, 401, 992, 195, 856, 693, 907, 773, 677, 814, 750, 621, 468, 501, 272, 358, 569, 697, 395, 593, 673, 408, 341, 171, 379, 828, 937, 190, 159, 687, 592, 899, 789, 754, 192, 482, 838, 885, 688, 957, 424, 544, 744, 262, 870, 463, 808, 416, 546, 470, 235, 481, 585, 841, 989, 334, 738, 829, 991, 210, 242, 170, 374, 886, 669, 448, 119, 109, 970, 859, 501, 581, 803, 942, 729, 124, 158, 173, 597, 231, 822, 343, 738, 462, 276, 583, 413, 588, 734, 917, 619, 310, 901, 817, 856, 278, 479, 435, 619, 453, 769, 735, 350, 316, 694, 689, 733, 947, 600, 683, 425, 608, 472, 709, 672, 690, 255, 861, 473, 824, 134, 348, 912, 362, 477, 183, 687, 681, 578, 570, 801, 531, 327, 712, 363, 713, 347, 795, 212, 443, 422, 952, 390, 721, 730, 990, 586, 913, 672, 509, 216, 830, 493, 648]
order=[[1, 15], [3, 15], [13, 15], [2, 16], [7, 16], [14, 16], [7, 17], [12, 17], [13, 17], [4, 18], [9, 18], [12, 18], [3, 19], [5, 19], [2, 20], [10, 20], [9, 21], [11, 22], [1, 23], [7, 23], [9, 23], [2, 24], [8, 25], [4, 26], [6, 26], [13, 26], [3, 27], [17, 28], [19, 28], [19, 29], [20, 29], [25, 30], [16, 32], [19, 32], [27, 32], [15, 33], [26, 33], [22, 35], [24, 35], [26, 35], [17, 36], [26, 36], [23, 37], [17, 39], [18, 39], [21, 39], [25, 39], [20, 40], [23, 41], [27, 41], [16, 42], [37, 43], [32, 44], [37, 44], [41, 44], [31, 46], [34, 46], [32, 47], [32, 48], [28, 49], [40, 49], [35, 50], [41, 50], [33, 51], [30, 52], [31, 52], [28, 53], [38, 53], [39, 53], [31, 54], [42, 54], [28, 55], [29, 56], [33, 56], [38, 57], [42, 57], [36, 58], [41, 58], [47, 59], [48, 59], [49, 59], [50, 59], [44, 61], [46, 61], [50, 61], [51, 61], [52, 61], [56, 61], [57, 61], [45, 62], [53, 62], [46, 63], [55, 64], [56, 64], [43, 65], [46, 65], [57, 65], [54, 66], [49, 67], [55, 67], [43, 68], [44, 68], [45, 69], [51, 69], [45, 70], [43, 71], [47, 71], [56, 71], [57, 72], [44, 74], [48, 74], [52, 74], [58, 74], [59, 75], [69, 76], [59, 77], [62, 77], [69, 77], [67, 78], [60, 79], [71, 80], [60, 81], [61, 81], [63, 81], [61, 82], [64, 82], [65, 82], [66, 83], [68, 84], [73, 84], [67, 85], [72, 85], [74, 85], [63, 87], [72, 87], [68, 88], [70, 88], [72, 88], [73, 88], [63, 89], [60, 91], [68, 91], [87, 92], [85, 93], [82, 94], [83, 94], [84, 94], [75, 95], [78, 95], [80, 95], [82, 95], [91, 95], [76, 96], [82, 96], [86, 96], [81, 97], [90, 97], [91, 97], [79, 98], [85, 98], [89, 98], [91, 98], [84, 99], [90, 99], [80, 100], [89, 100], [83, 101], [88, 101], [77, 102], [83, 102], [88, 103], [81, 104], [84, 104], [89, 104], [76, 105], [77, 105], [78, 105], [79, 105], [85, 105], [87, 105], [88, 105], [90, 105], [96, 106], [103, 107], [104, 107], [92, 108], [105, 108], [97, 109], [96, 110], [97, 110], [92, 112], [99, 112], [100, 112], [94, 113], [95, 113], [99, 113], [98, 114], [102, 114], [104, 114], [98, 115], [101, 115], [96, 116], [99, 116], [101, 116], [102, 116], [103, 116], [93, 117], [95, 117], [101, 118], [104, 118], [92, 119], [94, 119], [106, 120], [108, 120], [110, 120], [109, 121], [108, 122], [112, 122], [113, 122], [107, 123], [111, 123], [113, 123], [115, 123], [113, 124], [115, 124], [117, 124], [119, 124], [107, 125], [116, 125], [117, 125], [119, 125], [118, 126], [107, 127], [111, 127], [114, 127], [117, 127], [118, 127], [116, 128], [119, 128], [109, 129], [114, 129], [118, 129], [110, 130], [115, 130], [125, 132], [127, 132], [126, 133], [123, 134], [126, 134], [125, 135], [128, 135], [127, 136], [127, 138], [125, 139], [121, 140], [122, 141], [128, 143], [121, 144], [124, 144], [120, 145], [128, 145], [122, 146], [123, 146], [124, 146], [129, 146], [130, 146], [133, 147], [136, 147], [143, 147], [142, 148], [145, 148], [134, 149], [138, 149], [140, 149], [132, 150], [145, 150], [131, 151], [146, 151], [132, 153], [137, 153], [143, 154], [133, 155], [135, 155], [141, 155], [145, 155], [133, 156], [135, 156], [139, 156], [141, 156], [146, 156], [132, 157], [146, 158], [142, 159], [144, 159], [142, 160], [143, 160], [131, 161], [141, 161], [148, 162], [156, 162], [147, 163], [155, 163], [147, 164], [153, 164], [155, 164], [152, 165], [150, 166], [153, 166], [154, 167], [149, 168], [151, 168], [151, 169], [154, 169], [157, 171], [161, 171], [149, 173], [153, 173], [156, 173], [157, 173], [160, 173], [149, 174], [154, 174], [158, 174], [159, 174], [147, 175], [161, 175], [158, 176], [151, 177], [152, 178], [163, 179], [172, 179], [178, 179], [169, 180], [175, 180], [164, 181], [167, 181], [176, 181], [168, 182], [176, 182], [177, 182], [163, 183], [170, 183], [173, 183], [166, 184], [171, 184], [172, 184], [162, 185], [167, 186], [178, 186], [165, 187], [177, 187], [165, 188], [174, 188], [164, 189], [169, 190], [171, 190], [172, 190], [171, 191], [166, 192], [179, 193], [184, 193], [189, 193], [188, 194], [183, 195], [185, 195], [184, 196], [190, 196], [180, 197], [191, 198], [179, 199], [183, 199], [187, 200], [181, 202], [179, 203], [186, 203], [189, 203], [186, 204], [188, 205], [187, 206], [189, 206], [180, 207], [187, 207], [182, 208], [191, 208], [192, 208]]
k=82
result=[49, 4244]

testcase 17
cook_times=[410, 267, 817, 575, 468, 907, 866, 994, 697, 189, 634, 469, 254, 367, 545, 831, 535, 760, 166, 205, 578, 803, 855, 610, 179, 304, 198, 599, 288, 299, 252, 929, 549, 555, 271, 620, 344, 891, 934, 374, 405, 282, 563, 657, 122, 931, 309, 173, 520, 621, 679, 175, 571, 642, 913, 958, 835, 692, 793, 230, 867, 621, 571, 494, 710, 748, 139, 743, 390, 302, 861, 932, 330, 722, 394, 529, 957, 802, 786, 300, 109, 140, 504, 714, 832, 454, 362, 319, 148, 446, 552, 138, 133, 255, 526, 429, 383, 314, 709, 511, 610, 151, 176, 137, 483, 423, 721, 340, 803, 146, 816, 857, 670, 313, 227, 595, 311, 404, 150, 410]
order=[[1, 14], [6, 14], [10, 14], [11, 14], [10, 15], [5, 16], [6, 16], [7, 16], [12, 17], [3, 18], [5, 18], [1, 19], [3, 19], [4, 19], [1, 20], [4, 20], [1, 21], [3, 21], [7, 21], [4, 22], [10, 22], [11, 23], [3, 25], [4, 25], [13, 25], [2, 26], [5, 26], [8, 26], [9, 26], [13, 26], [10, 27], [12, 27], [14, 28], [16, 28], [18, 28], [20, 28], [25, 28], [27, 28], [18, 29], [20, 29], [21, 29], [22, 29], [24, 30], [26, 30], [15, 31], [22, 31], [15, 32], [18, 32], [21, 32], [22, 32], [14, 33], [15, 33], [16, 33], [26, 33], [15, 34], [17, 34], [27, 34], [18, 35], [14, 36], [19, 36], [22, 36], [23, 36], [16, 37], [19, 37], [20, 37], [14, 38], [16, 38], [29, 39], [31, 39], [36, 39], [28, 40], [31, 40], [32, 40], [33, 41], [38, 41], [31, 42], [32, 42], [33, 42], [34, 42], [36, 42], [29, 43], [38, 43], [29, 44], [30, 44], [31, 44], [32, 44], [34, 44], [35, 44], [33, 45], [36, 45], [38, 45], [28, 47], [36, 48], [37, 48], [32, 49], [33, 49], [38, 49], [40, 50], [41, 50], [49, 51], [39, 52], [45, 52], [46, 52], [47, 52], [49, 52], [39, 54], [42, 54], [46, 54], [47, 54], [41, 55], [42, 55], [43, 55], [45, 55], [44, 56], [46, 56], [48, 56], [40, 57], [44, 57], [47, 57], [49, 57], [42, 58], [49, 58], [42, 59], [46, 59], [47, 60], [54, 61], [60, 61], [54, 63], [60, 63], [53, 64], [58, 64], [58, 65], [51, 66], [50, 67], [52, 67], [55, 67], [56, 68], [58, 68], [59, 68], [60, 68], [55, 69], [59, 70], [50, 71], [51, 71], [56, 71], [58, 71], [60, 71], [56, 72], [57, 72], [54, 73], [59, 73], [53, 74], [55, 74], [57, 74], [63, 75], [68, 75], [70, 75], [71, 75], [72, 75], [61, 76], [62, 76], [70, 76], [72, 76], [62, 77], [73, 77], [74, 77], [69, 78], [71, 78], [74, 78], [69, 79], [61, 81], [64, 81], [66, 81], [74, 81], [62, 82], [63, 82], [64, 82], [65, 82], [67, 82], [61, 83], [64, 83], [65, 83], [67, 83], [68, 83], [73, 83], [62, 84], [70, 84], [72, 84], [73, 84], [68, 85], [73, 85], [66, 86], [67, 86], [68, 86], [69, 86], [70, 86], [61, 87], [65, 87], [72, 87], [81, 88], [76, 89], [75, 90], [82, 90], [85, 90], [87, 90], [77, 91], [79, 91], [82, 91], [87, 91], [76, 92], [78, 92], [80, 92], [85, 92], [75, 93], [79, 93], [81, 93], [83, 93], [86, 93], [87, 93], [79, 94], [80, 94], [81, 94], [82, 94], [85, 94], [86, 94], [79, 95], [85, 95], [76, 96], [84, 96], [75, 97], [83, 97], [87, 97], [75, 98], [76, 98], [90, 99], [96, 99], [97, 99], [89, 100], [90, 100], [91, 100], [97, 100], [98, 100], [88, 101], [89, 101], [92, 101], [93, 101], [98, 101], [90, 102], [96, 102], [96, 103], [90, 104], [93, 104], [95, 104], [88, 107], [93, 107], [98, 107], [91, 108], [95, 108], [89, 109], [93, 109], [94, 109], [97, 109], [96, 110], [102, 111], [104, 111], [105, 111], [108, 111], [102, 112], [103, 112], [105, 112], [107, 112], [108, 112], [110, 112], [99, 113], [101, 113], [107, 113], [102, 114], [106, 114], [107, 114], [109, 114], [110, 114], [101, 115], [102, 115], [105, 115], [106, 115], [108, 115], [109, 115], [104, 116], [109, 116], [104, 118], [107, 118], [110, 118], [104, 119], [105, 119], [108, 119], [100, 120], [101, 120], [103, 120], [109, 120], [110, 120]]
k=45
result=[22, 2751]

testcase 18
cook_times=[481, 928, 859, 588, 927, 257, 930, 893, 407, 456, 515, 441, 873, 224, 777, 389, 453, 289, 667, 130, 614, 103, 556, 872, 582, 297, 707, 847, 711, 486, 185, 990, 754, 793, 407, 475, 774, 176, 677, 485, 175, 999, 726, 173, 821, 778, 516, 555, 491, 191, 671, 913, 509, 689, 141, 785, 580, 963, 515, 562, 186, 181, 963, 551, 576, 787, 134, 538, 643, 651, 883, 762, 524, 845, 316, 323, 169, 336, 293, 896, 661, 686, 584, 250, 541, 292, 499, 363, 510, 838, 127, 496, 699, 349, 741, 369, 174, 405, 756, 712, 673, 272, 243, 784, 492, 175, 170, 194, 121, 196, 277, 297, 174, 663, 502, 975, 149, 350, 622, 377, 645, 456, 577, 921, 441, 913, 359, 774, 471, 965, 192, 695, 436, 616, 386, 431, 316, 532, 945, 576, 298, 454, 892, 827, 662, 816, 282, 475, 291, 981, 388, 989, 925, 897, 784, 802, 843, 612, 806, 443, 270, 137, 841, 923, 625, 160, 275, 472, 173, 146, 538, 379, 210, 247, 280, 894, 918, 322, 865, 335, 863, 108, 753, 307, 626, 564, 587, 200, 809, 156, 622, 587, 957, 646, 168, 286, 688, 394, 641, 515, 492, 919, 575, 621, 317, 518, 960, 472, 364, 156, 605, 683, 105, 212, 681, 767, 841, 450, 753, 187, 766, 242, 531, 572, 533, 377, 176, 195, 652, 202, 974, 474, 934, 840, 576, 134, 748, 697, 457, 253, 329, 235, 710, 366, 322, 204, 681, 568, 240, 195, 831, 236, 277, 619, 782]
order=[[7, 20], [5, 21], [15, 21], [16, 21], [19, 21], [2, 22], [8, 22], [4, 23], [7, 23], [8, 23], [14, 23], [15, 23], [16, 23], [18, 23], [10, 24], [11, 24], [19, 24], [3, 25], [8, 25], [9, 25], [10, 25], [17, 25], [5, 26], [14, 26], [16, 26], [19, 26], [17, 27], [3, 28], [9, 28], [10, 28], [12, 28], [5, 29], [8, 29], [15, 29], [18, 29], [3, 30], [8, 30], [15, 30], [3, 31], [5, 31], [13, 31], [17, 31], [18, 31], [1, 32], [16, 32], [6, 33], [4, 34], [5, 34], [7, 34], [9, 34], [11, 34], [12, 34], [19, 34], [7, 35], [9, 35], [11, 35], [17, 35], [19, 35], [9, 36], [13, 36], [21, 37], [31, 37], [33, 37], [21, 38], [27, 38], [20, 39], [21, 39], [29, 39], [22, 40], [26, 40], [32, 40], [35, 40], [36, 40], [32, 41], [33, 41], [22, 42], [31, 42], [33, 42], [25, 43], [26, 43], [32, 43], [24, 44], [24, 45], [35, 45], [22, 46], [26, 46], [27, 46], [28, 46], [20, 47], [21, 47], [32, 47], [26, 48], [30, 48], [20, 49], [26, 49], [27, 49], [33, 49], [35, 49], [20, 50], [25, 50], [34, 50], [23, 51], [24, 51], [25, 51], [33, 51], [20, 52], [21, 52], [27, 52], [39, 54], [47, 54], [52, 54], [53, 54], [42, 55], [44, 55], [47, 55], [46, 56], [49, 56], [52, 56], [37, 57], [50, 57], [42, 58], [41, 59], [48, 59], [37, 60], [48, 60], [50, 60], [37, 61], [41, 61], [46, 61], [52, 61], [42, 63], [43, 63], [46, 63], [49, 63], [37, 64], [38, 64], [40, 64], [42, 64], [38, 65], [52, 65], [40, 66], [43, 66], [47, 66], [49, 66], [43, 67], [46, 67], [49, 68], [45, 69], [52, 69], [53, 69], [50, 70], [53, 70], [37, 71], [40, 71], [42, 71], [43, 71], [51, 71], [59, 72], [69, 72], [55, 73], [56, 73], [58, 73], [61, 73], [68, 74], [70, 74], [65, 75], [68, 76], [69, 76], [56, 77], [57, 77], [61, 77], [59, 78], [63, 78], [69, 78], [56, 79], [60, 79], [61, 79], [59, 80], [65, 80], [66, 80], [69, 80], [57, 81], [61, 81], [65, 81], [66, 82], [56, 83], [64, 83], [70, 83], [56, 84], [59, 84], [63, 84], [71, 84], [62, 85], [64, 85], [61, 86], [63, 86], [64, 86], [65, 86], [67, 86], [54, 87], [59, 87], [63, 87], [66, 87], [75, 89], [78, 89], [79, 89], [87, 89], [81, 90], [88, 90], [79, 91], [83, 91], [86, 91], [74, 92], [75, 92], [76, 92], [73, 93], [81, 93], [76, 94], [82, 94], [85, 94], [73, 95], [77, 95], [86, 96], [77, 97], [82, 97], [83, 97], [84, 97], [88, 97], [72, 98], [74, 98], [75, 99], [79, 100], [84, 102], [76, 103], [80, 103], [81, 103], [88, 103], [75, 104], [76, 104], [79, 104], [84, 104], [87, 104], [92, 106], [101, 106], [102, 106], [103, 106], [104, 106], [105, 106], [94, 107], [95, 107], [98, 107], [99, 107], [100, 107], [94, 108], [90, 109], [91, 109], [96, 109], [105, 109], [93, 110], [105, 110], [90, 111], [92, 111], [100, 111], [104, 111], [91, 112], [97, 112], [102, 112], [90, 113], [94, 113], [96, 113], [99, 113], [95, 114], [96, 114], [97, 114], [89, 115], [98, 115], [102, 115], [105, 115], [98, 116], [99, 116], [101, 116], [103, 116], [93, 117], [98, 117], [102, 117], [103, 117], [91, 118], [95, 118], [101, 118], [105, 118], [100, 119], [91, 120], [93, 120], [94, 120], [91, 121], [95, 121], [103, 121], [104, 121], [112, 122], [113, 122], [115, 122], [116, 122], [118, 122], [109, 123], [110, 123], [114, 123], [121, 123], [106, 124], [111, 124], [117, 124], [119, 124], [107, 125], [108, 125], [119, 125], [121, 125], [108, 126], [119, 126], [107, 127], [108, 127], [109, 127], [115, 127], [117, 127], [118, 127], [106, 129], [107, 129], [110, 130], [112, 130], [110, 131], [117, 131], [120, 131], [121, 131], [107, 132], [116, 132], [107, 133], [108, 133], [115, 133], [119, 133], [106, 135], [110, 135], [114, 135], [118, 135], [109, 136], [121, 136], [106, 137], [114, 137], [121, 137], [110, 138], [119, 138], [126, 139], [132, 139], [125, 140], [132, 140], [135, 140], [129, 141], [122, 143], [123, 143], [124, 143], [132, 143], [135, 143], [138, 143], [127, 144], [129, 144], [134, 144], [127, 145], [129, 146], [130, 146], [131, 146], [137, 146], [128, 147], [131, 147], [133, 147], [137, 149], [138, 149], [126, 150], [127, 150], [131, 150], [127, 151], [130, 151], [124, 152], [129, 152], [123, 153], [131, 153], [137, 153], [138, 153], [125, 154], [132, 154], [137, 154], [122, 155], [123, 155], [133, 155], [136, 155], [150, 156], [155, 156], [140, 157], [144, 157], [143, 158], [145, 158], [153, 158], [139, 159], [141, 159], [152, 159], [139, 160], [144, 160], [149, 160], [150, 160], [155, 160], [141, 161], [143, 161], [142, 162], [139, 163], [140, 163], [144, 163], [145, 163], [147, 163], [148, 164], [143, 166], [145, 166], [147, 166], [149, 166], [152, 166], [141, 167], [146, 167], [150, 167], [155, 167], [143, 168], [150, 168], [153, 168], [154, 168], [148, 169], [155, 169], [140, 170], [143, 170], [147, 170], [150, 170], [152, 170], [140, 171], [149, 171], [151, 171], [155, 171], [165, 172], [161, 173], [167, 173], [157, 174], [171, 174], [156, 175], [157, 175], [166, 175], [169, 175], [158, 176], [159, 176], [166, 176], [168, 176], [167, 177], [170, 177], [156, 178], [159, 178], [165, 178], [170, 178], [158, 179], [166, 179], [168, 179], [170, 179], [156, 180], [160, 180], [171, 180], [157, 181], [164, 181], [166, 182], [171, 182], [158, 183], [162, 183], [167, 183], [169, 183], [171, 183], [156, 184], [160, 184], [165, 184], [166, 184], [168, 184], [158, 185], [160, 185], [163, 185], [164, 185], [165, 185], [169, 185], [159, 186], [170, 186], [162, 187], [167, 187], [159, 188], [171, 188], [157, 189], [170, 189], [174, 190], [179, 192], [181, 192], [184, 192], [173, 193], [181, 193], [189, 193], [172, 194], [176, 194], [178, 194], [189, 194], [173, 195], [173, 196], [179, 196], [183, 196], [176, 197], [180, 197], [185, 197], [186, 197], [187, 197], [189, 197], [180, 198], [181, 198], [184, 198], [186, 198], [181, 199], [182, 199], [189, 199], [174, 200], [183, 200], [185, 200], [174, 201], [183, 201], [175, 202], [181, 202], [174, 203], [189, 203], [173, 204], [176, 204], [177, 204], [185, 204], [188, 204], [173, 205], [174, 205], [186, 205], [187, 205], [182, 206], [185, 206], [197, 207], [198, 207], [201, 207], [190, 208], [203, 208], [194, 209], [201, 209], [194, 210], [204, 210], [191, 211], [196, 211], [199, 211], [200, 211], [204, 211], [190, 212], [193, 212], [197, 212], [200, 212], [203, 212], [206, 212], [195, 213], [203, 213], [205, 213], [190, 214], [199, 214], [196, 215], [199, 215], [203, 215], [194, 216], [196, 216], [199, 216], [200, 216], [190, 217], [200, 217], [204, 217], [196, 218], [200, 218], [201, 218], [202, 218], [203, 218], [204, 218], [198, 219], [190, 220], [204, 220], [206, 220], [192, 221], [198, 221], [205, 221], [209, 222], [211, 222], [212, 222], [214, 222], [220, 222], [211, 224], [208, 225], [215, 225], [209, 226], [207, 227], [210, 227], [219, 227], [221, 227], [208, 230], [215, 230], [219, 230], [209, 231], [215, 231], [218, 231], [220, 231], [218, 232], [207, 233], [208, 233], [212, 233], [216, 233], [216, 234], [218, 234], [214, 235], [219, 235], [213, 236], [214, 236], [215, 236], [215, 237], [218, 237], [221, 237], [207, 238], [214, 238], [216, 238], [217, 238], [221, 238], [207, 239], [211, 239], [212, 239], [221, 239], [230, 240], [232, 240], [239, 240], [226, 241], [227, 241], [228, 241], [229, 241], [236, 241], [224, 242], [226, 242], [231, 242], [234, 242], [239, 242], [222, 243], [225, 243], [234, 243], [238, 243], [223, 244], [223, 245], [224, 245], [230, 245], [232, 245], [237, 245], [222, 246], [228, 246], [234, 246], [239, 246], [224, 247], [231, 247], [233, 247], [237, 247], [228, 248], [225, 249], [229, 249], [231, 249], [237, 249], [239, 249], [234, 250], [235, 250], [225, 251], [233, 251], [239, 251], [222, 253], [226, 253], [227, 253], [230, 253], [230, 254], [236, 254], [224, 255], [228, 255], [230, 255], [233, 255], [234, 255]]
k=30
result=[3, 1379]

testcase 19
cook_times=[224, 252, 894, 372, 218, 813, 451, 896, 520, 114, 164, 359, 167, 210, 333, 863, 215, 299, 466, 943, 722, 272, 812, 913, 644, 721, 140, 957, 886, 830, 963, 223, 771, 510, 755, 673, 987, 709, 389, 375, 181, 944, 594, 156, 803, 791, 480, 656, 250, 303, 137, 855, 989, 571, 659, 324, 573, 345, 676, 397, 524, 225, 766, 915, 994, 228, 528, 649, 368, 548, 393, 296, 676, 924, 292, 663, 635, 967, 565, 767, 306, 482, 127, 724, 156, 382, 567, 724, 140, 793, 300, 529, 387, 743, 180, 986, 747, 434, 539, 871, 104, 182, 108, 297, 737, 442, 746, 813, 937, 999, 417, 574, 114, 884, 375, 865, 320, 583, 443, 496, 990, 430, 627, 510, 660, 381, 496, 694, 600, 895, 451, 669, 194, 855, 749, 695, 482, 304, 210, 101, 206, 703, 864, 266, 391, 678, 822, 167, 377, 678, 452, 948, 587, 609, 624, 216, 776, 604, 178, 813, 943, 659, 236, 240, 404, 276, 153, 401, 807, 803, 637, 225, 664, 771, 780, 636, 327, 500, 987, 688, 393, 370, 663, 693, 546, 593, 408, 626, 687, 550, 431, 733, 130, 558, 441, 590, 981, 137, 814, 698, 889, 961, 414, 346, 866, 588, 226, 782, 302, 632, 300, 716, 957, 152, 202, 763, 790, 557, 937, 118, 253, 141, 401, 575, 683, 891, 584, 800, 718, 251, 902, 760, 888, 798, 584, 907, 959, 491, 701, 685, 754, 466, 735, 584, 335, 828, 891, 764, 127, 135, 615, 809, 587, 595, 418, 252, 828, 286, 664, 546, 599, 220, 389, 178, 537, 578, 411, 505, 608, 486, 413, 944, 111, 619, 814, 302, 177, 361, 477, 418, 445, 371, 757, 881, 122, 560, 414, 746, 501, 146, 805, 700, 460, 479, 713, 799, 839, 409, 873, 844, 935, 926, 599, 873, 580, 307, 937, 726, 119, 685, 117, 530, 334, 563, 705, 378, 116, 737, 946, 944, 482, 934, 751, 581, 528, 167, 877, 886, 370, 780, 601, 330, 172, 831, 646, 871, 735, 861, 712, 750, 260, 934, 286, 200, 250, 952, 954, 193, 341, 388, 429, 549, 413, 893, 870, 712, 444, 412, 194, 877, 662, 562, 501, 506, 511, 845, 255, 614, 354, 374, 114, 133, 943, 813, 969, 956, 864, 801, 434, 321, 392, 154, 822, 943, 555, 102, 776, 102, 308, 142, 114, 618, 833, 419, 131, 868, 397, 103, 714, 607, 121, 765, 986, 753, 168, 714, 121, 122, 646, 123, 928, 450, 538, 702, 832, 559, 960, 731, 700, 930, 362, 127, 762, 932, 940, 896, 544, 810, 495, 425, 279, 752, 310, 298, 859, 599, 365, 421, 994, 478, 581, 473, 102, 377, 268, 651, 582, 614, 265, 991, 522, 945, 587, 577, 489, 669, 917, 812, 861, 724, 833, 153, 176, 457, 251, 426, 134, 347, 161, 211, 693, 975, 891, 109, 816, 817, 207, 132, 115, 793, 273, 282, 952, 402, 132, 118, 522, 935, 422, 722, 911, 350, 745, 281, 385, 249, 458, 595, 495, 532, 676, 317, 481, 141, 822, 741, 204, 495, 545, 541, 304, 189, 361, 566, 482, 220, 965, 205, 499, 513, 363, 961, 483, 983, 739, 371, 982, 854, 348, 221, 123, 824, 998, 847, 831, 778, 616, 217, 452, 716, 207, 801, 113, 627, 652, 210, 336, 544, 419, 778, 468, 209, 954, 143, 570, 676, 835, 859, 670, 661, 156, 465, 653, 806, 683, 343, 683, 667, 480, 421, 153, 745, 709, 914, 927, 256, 163, 545, 673, 523, 937, 771, 336, 341, 660, 553, 350, 587, 326, 854, 672, 521, 226, 934, 564, 268, 374, 130, 587, 941, 840, 355, 205, 962, 473, 393, 929, 136, 703, 224, 143, 692, 478, 163, 933, 546, 895, 708, 851, 403, 117, 395, 679, 916, 899, 289, 968, 215, 195, 362, 642, 444, 373, 677, 560, 647, 855, 948, 872, 478, 808, 681, 707, 348, 839, 590, 643, 231, 560, 154, 343, 199, 586, 795, 287, 616, 914, 511, 232, 410, 378, 903, 558, 270, 707, 488, 615, 696, 673, 629, 686, 306, 558, 210, 310, 461, 125, 954, 252, 844, 423, 655, 947, 126, 684, 974, 830, 348, 241, 965, 519, 904, 209, 415, 845, 493, 238, 182, 361, 504, 389, 250, 572, 819, 667, 263, 243, 802, 782, 925, 855, 974, 819, 967, 671, 657, 194, 654, 200, 123, 650, 580, 393, 561, 618, 299, 288, 611, 719, 317, 962, 178, 103, 573, 965, 213, 424, 714, 730, 835, 448, 879, 841, 860, 644, 545, 739, 495, 467, 137, 212, 482, 369, 412, 394, 513, 137, 130, 613, 483, 457, 362, 573, 639, 901, 170, 606, 238, 807, 259, 757, 241, 628, 479, 618, 701, 588, 691, 567, 956, 819, 371, 404, 257, 904, 236, 993, 862, 974, 986, 194, 877, 120, 248, 248, 666, 277, 832, 744, 884, 404, 873, 180, 163, 191, 694, 243, 830, 177, 739, 790, 691, 873, 621, 949, 585, 461, 594, 822, 128, 181, 996, 342, 221, 111, 318, 891, 759, 380, 772, 430, 804, 645, 620, 551, 834, 381, 800, 309, 763, 872, 966, 981, 602, 877, 410, 241, 721, 597, 822, 776, 398, 841, 688, 140, 644, 627, 469, 373, 370, 181, 976, 835, 924, 938, 813, 790, 942, 834, 329, 461, 979, 854, 811, 465, 845, 680, 118, 732, 896, 224, 125, 964, 805, 185, 303, 105, 150, 177, 731, 434, 148, 445, 763, 665, 703, 180, 601, 449, 742, 498, 930, 453, 857, 364, 908, 803, 966, 139, 130, 512, 349, 427, 725, 946, 859, 790, 185]
order=[[5, 18], [6, 18], [15, 18], [7, 19], [8, 19], [9, 19], [12, 19], [17, 19], [1, 20], [3, 20], [9, 20], [15, 21], [17, 21], [9, 22], [15, 22], [17, 23], [2, 24], [17, 24], [5, 25], [13, 25], [2, 26], [3, 26], [6, 26], [8, 26], [4, 27], [3, 28], [16, 28], [1, 29], [2, 29], [8, 29], [12, 29], [1, 30], [9, 30], [10, 30], [11, 30], [14, 30], [17, 30], [3, 31], [5, 31], [10, 31], [16, 31], [4, 32], [5, 32], [6, 32], [9, 32], [2, 33], [3, 33], [14, 33], [1, 34], [5, 34], [7, 34], [16, 34], [18, 35], [32, 35], [21, 36], [19, 37], [20, 37], [24, 37], [26, 37], [30, 37], [34, 37], [19, 38], [22, 38], [34, 38], [19, 39], [23, 39], [30, 39], [29, 40], [33, 40], [34, 40], [23, 41], [27, 41], [30, 41], [24, 42], [28, 42], [29, 42], [31, 42], [21, 43], [23, 43], [26, 43], [27, 43], [31, 43], [34, 43], [18, 44], [23, 44], [24, 44], [25, 44], [26, 44], [28, 44], [30, 44], [24, 45], [29, 45], [31, 45], [21, 46], [22, 46], [24, 46], [27, 46], [32, 46], [26, 47], [33, 47], [22, 48], [26, 48], [31, 48], [32, 48], [31, 49], [34, 49], [19, 50], [28, 50], [29, 50], [38, 52], [44, 52], [50, 52], [40, 53], [45, 53], [46, 53], [50, 53], [51, 53], [37, 54], [41, 54], [38, 55], [47, 55], [45, 56], [49, 56], [36, 57], [46, 57], [36, 58], [44, 58], [47, 58], [49, 58], [51, 58], [40, 59], [42, 59], [45, 59], [46, 59], [43, 60], [50, 60], [35, 61], [42, 61], [47, 61], [51, 61], [40, 62], [42, 62], [37, 64], [50, 64], [38, 65], [45, 65], [50, 65], [36, 66], [39, 66], [47, 66], [35, 67], [42, 67], [45, 67], [46, 67], [38, 69], [40, 69], [42, 69], [46, 69], [39, 70], [49, 70], [41, 71], [44, 71], [48, 71], [59, 72], [68, 72], [69, 72], [71, 72], [54, 73], [61, 73], [67, 73], [69, 73], [57, 74], [64, 74], [71, 75], [62, 76], [68, 76], [70, 76], [54, 77], [55, 78], [61, 78], [63, 78], [70, 78], [52, 79], [55, 79], [67, 79], [70, 79], [56, 80], [57, 80], [64, 80], [52, 81], [57, 81], [60, 81], [65, 81], [70, 81], [53, 82], [55, 82], [60, 82], [69, 82], [53, 83], [58, 83], [59, 83], [65, 83], [53, 84], [54, 84], [60, 84], [68, 85], [55, 86], [71, 86], [71, 87], [53, 88], [56, 88], [60, 88], [52, 89], [60, 89], [69, 89], [71, 89], [53, 90], [59, 91], [66, 91], [77, 92], [80, 92], [83, 92], [90, 92], [75, 93], [77, 93], [75, 94], [88, 94], [78, 95], [79, 95], [83, 95], [88, 96], [89, 96], [90, 96], [74, 97], [78, 97], [83, 97], [76, 98], [90, 98], [72, 99], [78, 99], [83, 99], [88, 99], [89, 99], [90, 99], [89, 100], [75, 101], [80, 101], [73, 102], [75, 102], [76, 102], [88, 103], [91, 103], [72, 104], [74, 104], [85, 104], [87, 104], [89, 104], [85, 105], [89, 105], [76, 106], [80, 106], [84, 106], [72, 107], [73, 107], [74, 107], [77, 107], [83, 107], [88, 107], [77, 108], [81, 108], [82, 108], [79, 109], [86, 109], [90, 109], [84, 110], [96, 111], [103, 111], [109, 111], [110, 111], [96, 112], [99, 112], [102, 112], [103, 112], [104, 112], [105, 112], [107, 112], [97, 113], [107, 113], [110, 113], [93, 114], [103, 114], [104, 114], [107, 114], [92, 115], [93, 115], [95, 115], [98, 115], [100, 115], [101, 115], [106, 115], [98, 116], [102, 116], [93, 117], [96, 117], [102, 117], [104, 117], [94, 118], [101, 118], [104, 118], [106, 118], [92, 119], [97, 119], [103, 119], [105, 119], [106, 119], [107, 119], [108, 119], [109, 119], [97, 120], [98, 120], [100, 120], [108, 120], [96, 121], [93, 122], [96, 122], [110, 122], [97, 123], [104, 123], [108, 123], [92, 124], [93, 124], [98, 124], [108, 124], [92, 125], [98, 125], [108, 125], [99, 126], [94, 127], [94, 128], [106, 128], [114, 129], [119, 129], [120, 129], [122, 129], [123, 129], [113, 130], [116, 130], [112, 131], [125, 131], [113, 132], [117, 132], [119, 132], [120, 132], [117, 133], [120, 133], [122, 133], [113, 135], [119, 135], [126, 135], [127, 135], [128, 136], [126, 137], [128, 137], [113, 138], [119, 138], [121, 138], [124, 138], [125, 138], [126, 138], [128, 138], [111, 139], [118, 139], [122, 139], [127, 139], [115, 140], [118, 141], [126, 141], [128, 141], [111, 142], [113, 142], [116, 142], [123, 142], [124, 142], [126, 142], [111, 143], [114, 143], [112, 144], [127, 144], [119, 145], [143, 146], [136, 147], [137, 147], [140, 147], [130, 148], [135, 148], [137, 148], [138, 148], [145, 148], [133, 149], [136, 149], [133, 150], [138, 150], [131, 151], [136, 151], [130, 152], [132, 152], [133, 152], [139, 152], [140, 152], [142, 152], [134, 153], [141, 153], [143, 153], [131, 154], [140, 154], [130, 155], [142, 155], [134, 156], [145, 156], [131, 157], [132, 157], [138, 157], [140, 157], [145, 157], [132, 158], [133, 158], [139, 158], [132, 159], [135, 159], [136, 159], [141, 159], [129, 160], [130, 160], [132, 160], [136, 160], [138, 160], [140, 160], [144, 160], [137, 162], [139, 162], [162, 163], [151, 164], [154, 164], [157, 164], [149, 166], [150, 166], [161, 166], [151, 167], [157, 167], [158, 167], [160, 167], [150, 168], [153, 168], [154, 168], [162, 169], [155, 170], [147, 171], [149, 171], [156, 171], [146, 172], [155, 172], [157, 172], [150, 173], [151, 173], [152, 173], [154, 173], [156, 173], [152, 174], [150, 175], [154, 175], [159, 175], [146, 176], [148, 176], [155, 176], [146, 177], [148, 177], [148, 178], [155, 178], [162, 178], [156, 179], [162, 180], [146, 181], [160, 181], [161, 181], [152, 182], [153, 182], [154, 182], [156, 182], [163, 183], [164, 183], [172, 183], [167, 184], [169, 184], [172, 184], [173, 184], [178, 184], [168, 185], [182, 185], [169, 186], [166, 187], [181, 187], [168, 188], [169, 188], [177, 188], [180, 188], [169, 190], [163, 191], [172, 191], [177, 191], [166, 192], [174, 192], [175, 192], [181, 192], [163, 193], [168, 193], [170, 193], [172, 193], [179, 193], [180, 193], [168, 194], [171, 194], [180, 194], [166, 195], [175, 195], [176, 195], [163, 196], [166, 196], [172, 196], [179, 196], [163, 197], [168, 197], [174, 197], [179, 197], [182, 197], [164, 198], [166, 198], [178, 198], [182, 198], [164, 199], [165, 199], [180, 199], [175, 200], [175, 201], [184, 202], [190, 202], [192, 202], [193, 202], [196, 202], [199, 202], [184, 203], [189, 203], [190, 203], [198, 203], [201, 203], [185, 204], [187, 204], [196, 204], [200, 204], [186, 205], [188, 205], [192, 205], [193, 205], [196, 205], [198, 205], [201, 205], [184, 206], [190, 206], [191, 206], [194, 206], [199, 206], [189, 207], [191, 207], [192, 207], [193, 207], [194, 207], [195, 207], [197, 207], [201, 207], [183, 208], [184, 208], [185, 208], [198, 208], [200, 208], [184, 209], [191, 209], [197, 209], [186, 210], [188, 210], [192, 210], [195, 210], [198, 210], [191, 211], [197, 211], [185, 212], [190, 212], [199, 212], [200, 212], [185, 213], [186, 213], [189, 213], [194, 213], [195, 213], [197, 213], [193, 214], [194, 214], [197, 214], [201, 214], [186, 215], [187, 215], [193, 215], [194, 215], [195, 215], [196, 215], [188, 216], [190, 216], [195, 216], [198, 216], [186, 217], [189, 217], [203, 218], [207, 218], [208, 218], [209, 218], [211, 218], [213, 218], [215, 218], [202, 219], [206, 219], [208, 219], [213, 219], [202, 220], [207, 220], [207, 221], [210, 221], [211, 222], [204, 223], [214, 223], [205, 224], [209, 224], [210, 224], [212, 224], [215, 224], [217, 224], [206, 225], [212, 225], [216, 225], [210, 226], [212, 226], [215, 226], [202, 227], [207, 227], [210, 227], [202, 228], [216, 228], [204, 229], [205, 229], [209, 229], [210, 229], [212, 229], [216, 229], [202, 230], [206, 230], [207, 230], [212, 230], [214, 230], [215, 230], [216, 230], [206, 231], [208, 231], [209, 231], [215, 231], [206, 232], [211, 232], [216, 232], [217, 232], [219, 233], [220, 233], [222, 233], [231, 233], [232, 233], [232, 234], [220, 236], [227, 236], [222, 237], [226, 237], [218, 238], [224, 238], [228, 238], [231, 238], [225, 239], [229, 239], [220, 240], [224, 240], [230, 240], [230, 241], [229, 242], [222, 244], [224, 244], [226, 244], [227, 244], [221, 245], [222, 245], [223, 245], [232, 245], [226, 246], [232, 246], [219, 247], [220, 247], [224, 247], [229, 247], [231, 247], [226, 248], [228, 248], [230, 248], [226, 249], [235, 251], [244, 251], [249, 251], [233, 252], [241, 252], [243, 252], [239, 253], [242, 253], [249, 253], [236, 254], [237, 254], [246, 254], [236, 255], [239, 255], [234, 256], [239, 256], [240, 256], [244, 256], [249, 256], [233, 257], [239, 257], [240, 257], [243, 257], [249, 257], [234, 258], [246, 258], [247, 258], [241, 259], [243, 259], [245, 259], [237, 260], [240, 260], [241, 260], [242, 260], [247, 260], [237, 261], [234, 264], [235, 264], [237, 264], [241, 264], [242, 264], [243, 264], [246, 264], [236, 265], [238, 265], [239, 265], [233, 266], [234, 266], [243, 266], [235, 267], [241, 267], [242, 267], [244, 267], [248, 267], [261, 268], [252, 269], [255, 269], [256, 269], [259, 269], [257, 270], [262, 270], [251, 271], [254, 271], [255, 271], [262, 271], [267, 271], [253, 272], [256, 272], [257, 272], [264, 272], [257, 273], [253, 274], [255, 274], [259, 274], [262, 274], [251, 275], [256, 275], [260, 275], [263, 275], [251, 276], [255, 276], [256, 276], [258, 276], [267, 276], [252, 277], [254, 277], [258, 277], [267, 277], [262, 278], [264, 278], [265, 278], [254, 279], [257, 280], [260, 280], [263, 280], [266, 280], [259, 281], [264, 281], [266, 281], [267, 281], [250, 282], [258, 282], [259, 282], [260, 282], [261, 282], [251, 283], [255, 283], [258, 283], [260, 283], [263, 283], [253, 284], [253, 285], [262, 285], [264, 285], [266, 285], [250, 286], [254, 286], [264, 286], [266, 286], [267, 286], [266, 287], [290, 312], [306, 313], [299, 315], [295, 316], [305, 316], [308, 316], [289, 317], [291, 317], [300, 317], [296, 318], [302, 318], [294, 319], [306, 319], [296, 320], [298, 320], [303, 320], [308, 320], [302, 321], [298, 322], [307, 323], [310, 323], [297, 324], [305, 324], [311, 324], [302, 325], [299, 326], [292, 327], [299, 327], [304, 327], [309, 327], [309, 328], [295, 329], [293, 330], [307, 330], [289, 333], [303, 333], [308, 333], [309, 333], [300, 334], [291, 335], [301, 335], [294, 336], [296, 336], [297, 336], [288, 337], [295, 338], [307, 338], [318, 340], [338, 340], [317, 341], [323, 341], [337, 341], [323, 342], [313, 343], [318, 343], [334, 343], [314, 344], [315, 344], [316, 344], [320, 344], [327, 346], [329, 346], [321, 347], [322, 347], [330, 347], [332, 347], [336, 347], [319, 348], [320, 348], [321, 348], [329, 348], [332, 349], [329, 350], [312, 351], [327, 351], [330, 351], [312, 352], [335, 352], [315, 353], [321, 353], [324, 353], [334, 353], [335, 353], [319, 354], [327, 354], [331, 355], [333, 355], [333, 356], [316, 357], [320, 357], [325, 357], [338, 357], [319, 359], [336, 359], [338, 359], [328, 361], [334, 361], [326, 363], [316, 364], [330, 364], [328, 365], [333, 365], [343, 366], [357, 366], [365, 366], [341, 367], [342, 367], [349, 367], [348, 368], [356, 368], [362, 368], [364, 368], [340, 369], [350, 369], [361, 369], [365, 369], [341, 370], [344, 370], [345, 371], [355, 371], [360, 372], [351, 374], [353, 374], [339, 375], [344, 375], [342, 377], [355, 377], [359, 377], [360, 378], [348, 379], [349, 379], [351, 379], [357, 379], [362, 379], [350, 380], [341, 382], [343, 382], [346, 382], [348, 382], [361, 382], [343, 383], [357, 383], [359, 383], [340, 384], [342, 384], [352, 384], [358, 384], [340, 385], [354, 385], [358, 386], [359, 386], [364, 386], [354, 388], [360, 388], [364, 388], [365, 388], [339, 389], [345, 389], [347, 389], [350, 389], [345, 390], [358, 390], [363, 390], [369, 392], [371, 392], [386, 392], [381, 393], [366, 394], [372, 394], [377, 394], [381, 395], [384, 395], [368, 396], [389, 396], [367, 397], [370, 397], [377, 397], [366, 398], [379, 398], [373, 399], [378, 400], [373, 401], [375, 401], [379, 401], [382, 402], [388, 402], [372, 403], [371, 404], [380, 404], [382, 405], [383, 406], [383, 407], [384, 407], [385, 407], [389, 407], [376, 408], [388, 409], [373, 410], [376, 410], [387, 411], [381, 412], [386, 412], [390, 412], [366, 413], [372, 413], [374, 414], [382, 414], [367, 415], [370, 416], [384, 416], [370, 417], [399, 418], [402, 418], [415, 418], [396, 419], [400, 420], [415, 420], [391, 422], [398, 422], [401, 422], [395, 424], [409, 424], [407, 425], [397, 427], [405, 427], [412, 427], [400, 429], [409, 429], [393, 431], [404, 431], [408, 431], [413, 431], [416, 431], [403, 432], [411, 432], [392, 435], [394, 435], [397, 435], [395, 436], [397, 437], [402, 437], [406, 437], [412, 437], [394, 438], [396, 438], [398, 438], [407, 438], [414, 438], [407, 439], [415, 439], [408, 440], [410, 440], [417, 440], [416, 441], [404, 442], [410, 442], [412, 442], [396, 443], [404, 443], [400, 444], [401, 445], [426, 446], [429, 446], [425, 447], [421, 448], [434, 448], [436, 448], [427, 449], [444, 449], [420, 450], [421, 450], [422, 450], [433, 450], [439, 450], [423, 451], [435, 451], [436, 451], [444, 451], [445, 451], [418, 452], [419, 452], [427, 452], [428, 453], [432, 454], [423, 455], [438, 455], [442, 457], [419, 458], [420, 458], [430, 458], [433, 458], [437, 458], [443, 458], [432, 459], [435, 459], [424, 460], [441, 460], [445, 460], [436, 461], [442, 461], [443, 461], [419, 463], [438, 463], [439, 463], [441, 463], [443, 463], [444, 463], [434, 464], [437, 464], [426, 465], [433, 465], [431, 466], [420, 467], [429, 467], [438, 467], [440, 467], [442, 467], [422, 468], [429, 468], [445, 469], [451, 470], [454, 470], [467, 471], [461, 472], [465, 472], [469, 473], [463, 474], [462, 476], [463, 476], [466, 476], [449, 477], [469, 477], [447, 478], [452, 478], [466, 478], [459, 479], [454, 480], [464, 480], [468, 480], [448, 481], [459, 481], [450, 482], [460, 482], [467, 482], [446, 483], [456, 484], [461, 485], [469, 485], [453, 486], [458, 486], [460, 487], [462, 488], [459, 489], [464, 489], [466, 489], [455, 490], [448, 491], [457, 491], [448, 493], [461, 493], [462, 493], [456, 495], [460, 495], [473, 497], [476, 497], [477, 497], [492, 497], [479, 498], [481, 498], [484, 498], [494, 498], [478, 499], [480, 499], [484, 500], [495, 500], [481, 501], [484, 501], [493, 501], [474, 502], [486, 502], [490, 502], [471, 503], [473, 504], [490, 504], [491, 505], [470, 506], [475, 506], [472, 507], [476, 507], [482, 507], [483, 507], [488, 507], [494, 507], [490, 508], [479, 509], [485, 509], [489, 509], [473, 510], [479, 512], [487, 512], [491, 513], [495, 514], [476, 516], [471, 517], [472, 517], [481, 517], [482, 518], [491, 518], [495, 518], [488, 519], [503, 520], [506, 521], [503, 522], [505, 522], [506, 522], [502, 523], [500, 524], [503, 524], [519, 524], [510, 525], [502, 526], [516, 526], [519, 526], [511, 528], [501, 529], [499, 530], [500, 530], [517, 530], [498, 532], [504, 532], [509, 532], [515, 532], [496, 533], [499, 533], [519, 533], [507, 535], [516, 535], [504, 536], [510, 537], [516, 537], [512, 540], [509, 541], [499, 542], [509, 542], [518, 542], [508, 543], [497, 544], [502, 544], [504, 544], [512, 544], [513, 544], [517, 544], [505, 545], [514, 545], [532, 546], [534, 546], [523, 547], [531, 547], [544, 547], [524, 548], [537, 548], [538, 548], [526, 549], [533, 549], [524, 550], [540, 550], [522, 551], [539, 551], [520, 552], [528, 552], [545, 552], [520, 553], [526, 553], [533, 554], [530, 555], [540, 555], [522, 556], [524, 557], [534, 559], [544, 559], [526, 561], [541, 561], [543, 561], [545, 561], [528, 562], [530, 562], [541, 562], [545, 562], [530, 563], [521, 564], [529, 564], [536, 564], [535, 565], [542, 565], [523, 566], [537, 566], [522, 567], [523, 567], [527, 567], [531, 568], [525, 569], [536, 569], [564, 570], [557, 572], [551, 574], [551, 575], [562, 576], [568, 576], [562, 577], [550, 578], [551, 578], [559, 578], [568, 581], [554, 582], [560, 582], [563, 582], [569, 582], [549, 583], [553, 583], [556, 583], [561, 583], [567, 583], [546, 584], [564, 584], [548, 585], [553, 585], [565, 585], [568, 585], [548, 586], [560, 588], [564, 588], [566, 588], [549, 589], [555, 589], [554, 591], [558, 591], [565, 591], [558, 592], [562, 592], [547, 593], [552, 593], [556, 593], [560, 593], [546, 594], [549, 594], [556, 594], [559, 594], [561, 594], [569, 594], [583, 596], [584, 596], [593, 596], [595, 596], [586, 597], [576, 598], [582, 598], [587, 598], [591, 598], [589, 599], [572, 600], [574, 600], [575, 600], [577, 600], [579, 600], [588, 600], [586, 601], [579, 603], [584, 603], [574, 604], [578, 605], [590, 605], [574, 606], [587, 606], [581, 607], [585, 607], [576, 610], [580, 610], [570, 611], [571, 611], [573, 611], [594, 611], [572, 612], [578, 612], [572, 614], [576, 615], [593, 615], [595, 615], [571, 616], [570, 617], [578, 618], [583, 618], [585, 618], [591, 619], [587, 620], [592, 621], [597, 622], [596, 623], [605, 623], [619, 623], [601, 624], [606, 624], [612, 624], [618, 624], [599, 625], [608, 625], [604, 626], [605, 626], [612, 626], [598, 627], [599, 627], [621, 627], [616, 628], [620, 628], [616, 630], [602, 631], [605, 631], [599, 632], [619, 632], [607, 635], [608, 635], [612, 635], [615, 635], [609, 636], [601, 637], [609, 638], [620, 638], [609, 639], [617, 639], [596, 640], [597, 640], [618, 640], [602, 641], [614, 641], [620, 641], [597, 642], [607, 642], [610, 642], [601, 644], [602, 644], [603, 644], [606, 645], [606, 646], [613, 646], [615, 646], [600, 647], [611, 647], [640, 648], [646, 648], [622, 649], [626, 649], [628, 649], [633, 649], [638, 649], [644, 649], [641, 651], [627, 652], [632, 652], [634, 652], [639, 652], [644, 653], [645, 653], [628, 654], [633, 654], [645, 654], [622, 655], [623, 655], [626, 655], [628, 655], [630, 655], [642, 656], [645, 657], [644, 658], [632, 659], [635, 659], [646, 659], [647, 659], [626, 660], [622, 661], [637, 661], [647, 661], [637, 662], [643, 662], [629, 663], [631, 664], [634, 664], [641, 664], [629, 665], [639, 665], [647, 665], [635, 666], [641, 666], [627, 667], [636, 667], [624, 668], [627, 668], [638, 668], [640, 668], [625, 670], [654, 672], [662, 672], [671, 672], [668, 673], [658, 674], [660, 675], [663, 675], [652, 676], [657, 676], [662, 676], [669, 676], [650, 677], [653, 678], [667, 678], [666, 679], [651, 680], [656, 681], [658, 681], [664, 681], [670, 681], [659, 682], [663, 682], [665, 682], [649, 684], [657, 684], [649, 686], [654, 686], [655, 686], [667, 686], [671, 686], [658, 687], [649, 688], [661, 688], [670, 688], [648, 690], [652, 690], [661, 692], [670, 692], [654, 695], [667, 695], [650, 696], [666, 696], [686, 698], [677, 699], [680, 699], [685, 700], [672, 701], [680, 701], [688, 701], [690, 703], [691, 703], [694, 705], [683, 706], [682, 707], [684, 707], [693, 707], [696, 707], [679, 708], [674, 709], [681, 710], [693, 710], [674, 711], [685, 711], [673, 712], [681, 712], [695, 712], [692, 713], [688, 714], [675, 716], [678, 716], [682, 716], [687, 718], [689, 718], [677, 719], [693, 720], [674, 721], [675, 721], [676, 721], [682, 721], [697, 723], [721, 723], [698, 724], [701, 724], [711, 724], [716, 724], [698, 725], [716, 725], [709, 727], [705, 728], [714, 729], [719, 729], [715, 730], [717, 730], [711, 731], [719, 731], [704, 732], [707, 732], [716, 732], [717, 732], [704, 734], [705, 734], [712, 734], [697, 735], [701, 735], [702, 736], [708, 736], [710, 736], [718, 738], [721, 739], [706, 740], [709, 740], [713, 740], [702, 741], [707, 741], [712, 741], [705, 742], [710, 742], [720, 742], [700, 743], [703, 743], [700, 744], [706, 744], [699, 745], [708, 745], [718, 745], [728, 747], [741, 747], [744, 747], [726, 748], [732, 748], [737, 748], [742, 748], [739, 749], [730, 750], [741, 750], [723, 751], [737, 751], [744, 751], [727, 752], [731, 752], [735, 752], [723, 753], [733, 753], [734, 753], [738, 753], [735, 755], [737, 756], [742, 756], [722, 757], [726, 758], [729, 758], [742, 758], [735, 761], [741, 761], [731, 762], [728, 763], [732, 763], [733, 763], [743, 763], [744, 763], [740, 764], [745, 764], [723, 765], [727, 765], [731, 765], [724, 766], [725, 766], [722, 767], [725, 767], [730, 767], [736, 767], [743, 767], [745, 768], [746, 769], [732, 770], [725, 771], [745, 771], [722, 772], [750, 774], [747, 775], [749, 775], [760, 775], [747, 776], [751, 776], [752, 776], [757, 776], [764, 776], [758, 777], [762, 777], [766, 777], [758, 778], [766, 778], [767, 778], [747, 779], [752, 779], [758, 779], [763, 779], [767, 779], [755, 780], [748, 781], [749, 781], [757, 782], [756, 783], [761, 783], [769, 783], [771, 783], [755, 784], [759, 784], [760, 784], [763, 784], [768, 784], [772, 784], [754, 785], [768, 785], [773, 785], [751, 786], [770, 786], [753, 787], [770, 787], [771, 787], [750, 788], [752, 788], [764, 788], [759, 789], [765, 789], [751, 790], [754, 790], [766, 790], [771, 790], [754, 791], [760, 791], [770, 791], [756, 793], [764, 793], [749, 795], [761, 795], [765, 795], [762, 796], [783, 797], [794, 797], [776, 799], [777, 799], [781, 799], [790, 799], [791, 799], [779, 800], [787, 800], [794, 800], [789, 801], [793, 802], [776, 803], [777, 803], [775, 804], [780, 804], [783, 804], [788, 804], [791, 804], [792, 805], [774, 806], [782, 806], [788, 808], [796, 808], [778, 809], [791, 810], [775, 811], [796, 811], [775, 812], [783, 812], [776, 813], [780, 813], [790, 813], [794, 813], [784, 814], [785, 815], [786, 815], [789, 815], [777, 816], [792, 816], [795, 816], [788, 817], [790, 817], [797, 818], [806, 818], [816, 818], [812, 819], [799, 820], [807, 820], [809, 820], [813, 820], [801, 821], [804, 822], [811, 823], [802, 824], [808, 824], [806, 825], [797, 827], [800, 827], [807, 827], [811, 827], [809, 828], [797, 829], [802, 829], [812, 829], [814, 830], [817, 830], [808, 831], [799, 832], [801, 832], [814, 832], [807, 833], [803, 834], [804, 834], [805, 834], [808, 834], [811, 834], [812, 834], [804, 837], [798, 838], [799, 838], [800, 838], [798, 839], [810, 839], [810, 840], [815, 840], [798, 841], [822, 843], [823, 843], [825, 843], [831, 843], [833, 844], [831, 845], [827, 847], [828, 847], [835, 847], [833, 849], [826, 850], [830, 850], [833, 851], [837, 851], [824, 853], [836, 853], [826, 854], [820, 855], [836, 856], [819, 857], [832, 857], [835, 857], [836, 857], [818, 858], [828, 858], [834, 859], [835, 859], [841, 859], [818, 860], [821, 860], [822, 860], [841, 860], [822, 862], [823, 862], [826, 862], [828, 862], [830, 862], [839, 862], [838, 863], [821, 864], [825, 864], [839, 864], [841, 864], [819, 865], [831, 865], [840, 866], [829, 867], [839, 867], [832, 868], [829, 869], [821, 870], [830, 870], [847, 871], [850, 871], [853, 871], [855, 871], [846, 872], [857, 872], [859, 872], [869, 872], [849, 873], [856, 873], [865, 873], [856, 874], [845, 875], [848, 875], [870, 875], [854, 876], [865, 876], [867, 876], [862, 877], [857, 878], [842, 879], [870, 880], [844, 881], [851, 881], [854, 881], [846, 882], [852, 882], [853, 882], [861, 882], [852, 883], [842, 884], [860, 884], [863, 884], [869, 884], [866, 885], [868, 885], [843, 886], [845, 886], [856, 886], [851, 887], [859, 887], [866, 888], [867, 888], [845, 889], [858, 889], [860, 889], [842, 890], [848, 890], [852, 890], [846, 891], [851, 891], [850, 892], [860, 892], [864, 892], [847, 893], [848, 893], [866, 893], [869, 893], [882, 894], [874, 895], [883, 895], [884, 895], [889, 895], [876, 896], [879, 896], [873, 897], [893, 897], [881, 899], [871, 900], [881, 900], [892, 900], [872, 901], [887, 902], [890, 902], [891, 902], [880, 903], [885, 903], [873, 904], [874, 904], [876, 904], [888, 904], [872, 906], [875, 906], [878, 907], [886, 907], [877, 908], [888, 908], [878, 909], [880, 909], [882, 909], [871, 910], [874, 911], [891, 911], [893, 911], [893, 912], [886, 914], [872, 916], [873, 916], [876, 916], [877, 916], [881, 916], [888, 916], [886, 917]]
k=357
result=[12, 2242]

testcase 20
cook_times=[176, 249, 810, 282, 434, 572, 852, 152, 760, 810, 939, 666, 337, 224, 678, 459, 915, 466, 849, 450, 896, 790, 890, 398, 583, 215, 681, 876, 217, 132, 560, 540, 478, 596, 221, 358, 795, 757, 344, 254, 162, 949, 959, 741, 221, 953, 761, 269, 432, 631, 299, 201, 970, 843, 133, 571, 941, 538, 908, 925, 721, 563, 996, 787, 746, 312, 401, 172, 716, 256, 707, 970, 982, 197, 754, 886, 279, 493, 571, 371, 589, 713, 438, 886, 609, 585, 159, 182, 676, 403, 242, 520, 856, 255, 758, 200, 302, 903, 524, 228, 964, 516, 738, 975, 777, 421, 672, 553, 902, 696, 958, 254, 568, 514, 689, 376, 700, 889, 657, 860, 226, 584, 923, 619, 337, 266, 292, 810, 261, 128, 106, 873, 263, 502, 504, 700, 406, 726, 838, 703, 665, 926, 155, 384, 447, 108, 518, 177, 307, 342, 794, 987, 977, 323, 428, 105, 432, 490, 611, 528, 833, 635, 492, 952, 812, 152, 751, 556, 304, 331, 535, 296, 980, 304, 296, 623, 157, 759, 735, 544, 412, 647, 474, 754, 706, 928, 984, 536, 426, 191, 564, 521, 241, 932, 750, 546, 682, 277, 954, 883, 208, 789, 457, 784, 314, 939, 965, 430, 849, 206, 409, 447, 103, 818, 630, 641, 449, 333, 275, 356, 256, 567, 399, 735, 948, 798, 836, 577, 623, 453, 134, 414, 744, 772, 168, 620, 294, 253, 249, 290, 929, 253, 460, 244, 960, 560, 845, 474, 335, 393, 640, 845, 647, 166, 895, 671, 823, 532, 693, 634, 391, 786, 293, 972, 196, 247, 810, 491, 228, 859, 488, 671, 973, 826, 787, 575, 694, 701, 568, 267, 332, 477, 184, 135, 860, 186, 557, 416, 215, 554, 546, 460, 767, 390, 727, 109, 111, 875, 600, 646, 439, 999, 699, 677, 893, 512, 521, 680, 882, 663, 235, 656, 129, 441, 435, 879, 431, 911, 628, 151, 966, 565, 733, 301, 642, 428, 414, 766, 497, 545, 185, 494, 581, 882, 918, 263, 996, 566, 418, 747, 212, 436, 195, 503, 543, 699, 995, 922, 226, 884, 847, 377, 495, 153, 876, 871, 767, 587, 133, 961, 320, 730]
order=[[4, 20], [7, 20], [8, 20], [10, 20], [3, 21], [6, 21], [12, 21], [15, 21], [3, 22], [9, 22], [15, 22], [16, 22], [19, 22], [1, 23], [3, 23], [4, 23], [7, 23], [12, 23], [14, 23], [17, 23], [1, 24], [2, 24], [3, 24], [12, 24], [4, 25], [5, 25], [1, 26], [7, 26], [6, 27], [17, 27], [9, 28], [10, 28], [14, 28], [3, 29], [5, 29], [7, 29], [9, 29], [13, 29], [1, 30], [15, 31], [17, 31], [9, 32], [13, 32], [2, 33], [6, 33], [11, 33], [4, 34], [11, 34], [12, 34], [14, 34], [18, 34], [12, 35], [15, 35], [19, 35], [9, 36], [14, 36], [17, 36], [25, 38], [27, 38], [37, 38], [28, 39], [34, 39], [36, 39], [20, 40], [23, 40], [32, 40], [20, 41], [21, 41], [27, 41], [30, 41], [36, 41], [20, 42], [21, 42], [24, 42], [33, 42], [36, 42], [29, 43], [35, 43], [20, 44], [23, 44], [28, 44], [31, 44], [24, 45], [28, 45], [30, 45], [32, 45], [33, 45], [36, 45], [25, 46], [29, 46], [35, 46], [36, 46], [37, 46], [22, 47], [26, 47], [30, 47], [32, 47], [28, 48], [34, 48], [29, 50], [35, 50], [37, 50], [21, 51], [22, 51], [27, 51], [28, 51], [35, 51], [37, 51], [22, 52], [32, 52], [35, 52], [21, 53], [26, 53], [27, 53], [30, 53], [34, 53], [24, 54], [31, 54], [25, 55], [44, 56], [41, 57], [45, 57], [46, 57], [54, 57], [43, 58], [39, 59], [41, 59], [49, 59], [53, 59], [41, 60], [47, 60], [55, 60], [39, 61], [43, 61], [53, 61], [39, 63], [42, 63], [41, 64], [48, 64], [51, 64], [41, 65], [43, 66], [46, 66], [38, 67], [55, 67], [38, 68], [54, 68], [40, 69], [49, 69], [50, 69], [52, 69], [46, 70], [39, 71], [42, 71], [43, 71], [44, 71], [46, 71], [51, 71], [54, 71], [39, 72], [48, 72], [49, 72], [52, 72], [54, 72], [43, 73], [45, 73], [51, 73], [52, 73], [55, 73], [46, 74], [55, 74], [67, 75], [68, 75], [69, 75], [70, 75], [61, 77], [62, 77], [65, 77], [67, 77], [56, 78], [57, 78], [63, 78], [64, 78], [66, 78], [71, 78], [73, 78], [59, 79], [67, 79], [64, 80], [56, 81], [58, 81], [59, 81], [64, 81], [66, 81], [57, 82], [63, 82], [73, 82], [57, 83], [59, 83], [61, 83], [62, 83], [66, 83], [71, 83], [73, 84], [73, 85], [56, 86], [61, 86], [64, 86], [65, 86], [67, 86], [73, 86], [74, 86], [68, 87], [69, 87], [72, 87], [74, 87], [60, 88], [61, 88], [66, 88], [71, 88], [64, 89], [65, 89], [59, 90], [61, 90], [62, 91], [63, 91], [66, 91], [58, 92], [59, 92], [63, 92], [65, 92], [69, 92], [82, 93], [90, 93], [87, 94], [91, 94], [80, 95], [80, 97], [89, 97], [84, 98], [76, 99], [82, 99], [78, 100], [85, 101], [86, 101], [78, 102], [83, 102], [79, 103], [85, 103], [89, 103], [90, 103], [92, 103], [75, 105], [78, 105], [79, 105], [81, 105], [88, 105], [90, 105], [77, 106], [80, 106], [87, 106], [89, 106], [79, 107], [80, 107], [90, 107], [75, 108], [78, 108], [84, 108], [90, 109], [75, 110], [81, 110], [77, 112], [80, 112], [89, 112], [97, 113], [98, 113], [99, 113], [94, 114], [99, 114], [103, 114], [104, 114], [93, 115], [103, 115], [93, 116], [98, 116], [97, 117], [108, 117], [111, 118], [96, 119], [98, 119], [100, 119], [102, 119], [104, 119], [93, 120], [106, 120], [108, 120], [93, 121], [95, 121], [99, 121], [100, 121], [103, 121], [105, 121], [112, 121], [94, 122], [99, 122], [110, 123], [112, 123], [98, 124], [100, 124], [103, 124], [106, 124], [95, 125], [99, 125], [101, 125], [108, 125], [112, 125], [106, 127], [108, 127], [109, 127], [97, 128], [112, 128], [103, 129], [105, 129], [106, 129], [108, 129], [105, 130], [107, 130], [100, 131], [110, 131], [112, 131], [123, 132], [128, 132], [115, 133], [126, 133], [130, 133], [117, 134], [120, 134], [121, 134], [125, 134], [126, 134], [128, 134], [129, 134], [130, 134], [113, 135], [114, 135], [123, 135], [131, 135], [122, 136], [128, 136], [116, 137], [118, 137], [121, 137], [126, 137], [113, 138], [123, 138], [117, 139], [118, 139], [129, 139], [113, 140], [116, 140], [122, 140], [124, 140], [131, 140], [113, 141], [116, 141], [123, 141], [126, 141], [129, 141], [131, 141], [126, 142], [115, 144], [120, 144], [121, 144], [125, 144], [130, 144], [116, 145], [121, 145], [127, 145], [130, 145], [117, 146], [118, 146], [120, 146], [123, 146], [128, 146], [130, 146], [125, 147], [119, 148], [124, 148], [125, 148], [142, 149], [138, 150], [134, 151], [145, 151], [132, 152], [134, 152], [137, 152], [140, 152], [136, 153], [137, 153], [142, 153], [132, 154], [133, 154], [138, 154], [139, 154], [141, 154], [144, 154], [148, 154], [132, 157], [148, 157], [132, 158], [133, 159], [134, 159], [135, 159], [139, 159], [144, 159], [132, 160], [140, 160], [146, 160], [135, 161], [136, 161], [139, 161], [145, 161], [146, 161], [142, 162], [143, 162], [135, 163], [137, 163], [139, 163], [144, 163], [146, 163], [134, 164], [135, 164], [138, 164], [148, 164], [144, 165], [145, 165], [146, 165], [147, 165], [157, 166], [158, 166], [160, 166], [162, 166], [156, 167], [158, 167], [159, 167], [160, 167], [163, 167], [164, 167], [155, 168], [156, 168], [157, 168], [165, 168], [149, 169], [150, 169], [154, 169], [159, 169], [160, 169], [165, 169], [149, 170], [155, 170], [151, 171], [150, 172], [152, 173], [161, 173], [161, 174], [162, 174], [164, 174], [151, 175], [164, 175], [153, 176], [154, 176], [160, 177], [150, 178], [157, 178], [155, 179], [165, 180], [152, 181], [154, 181], [160, 181], [161, 181], [164, 181], [153, 182], [157, 182], [158, 182], [149, 183], [157, 183], [164, 183], [165, 183], [183, 184], [166, 185], [167, 185], [169, 185], [175, 185], [181, 185], [173, 186], [174, 186], [179, 186], [182, 186], [183, 186], [168, 187], [170, 187], [173, 187], [178, 187], [166, 188], [180, 188], [182, 188], [169, 189], [171, 189], [178, 189], [180, 189], [181, 189], [169, 190], [182, 190], [177, 191], [177, 192], [179, 192], [181, 192], [182, 192], [166, 193], [170, 193], [172, 194], [181, 194], [183, 194], [180, 195], [168, 196], [169, 196], [173, 196], [176, 196], [178, 196], [182, 196], [183, 196], [181, 197], [168, 198], [180, 198], [170, 199], [175, 199], [170, 200], [174, 200], [178, 200], [166, 201], [173, 201], [178, 201], [183, 201], [185, 202], [188, 202], [198, 202], [186, 203], [193, 203], [200, 203], [191, 204], [194, 204], [198, 204], [188, 205], [199, 205], [187, 206], [197, 206], [185, 207], [186, 207], [200, 207], [201, 207], [184, 208], [194, 208], [184, 209], [195, 209], [197, 209], [199, 209], [201, 209], [188, 210], [192, 210], [199, 210], [185, 211], [198, 211], [189, 212], [195, 212], [196, 213], [198, 213], [194, 214], [198, 214], [184, 215], [185, 215], [186, 215], [187, 215], [195, 216], [192, 217], [185, 218], [187, 218], [188, 218], [190, 218], [195, 218], [187, 219], [188, 219], [212, 220], [213, 220], [219, 220], [208, 221], [215, 221], [215, 222], [217, 222], [218, 222], [206, 223], [209, 223], [210, 223], [213, 223], [205, 224], [208, 224], [211, 224], [217, 224], [218, 224], [219, 224], [217, 225], [202, 226], [205, 226], [212, 226], [214, 226], [215, 226], [216, 226], [218, 226], [212, 227], [214, 227], [211, 228], [204, 229], [208, 229], [210, 229], [202, 231], [203, 231], [205, 231], [206, 231], [213, 231], [218, 231], [203, 232], [207, 232], [206, 233], [219, 233], [211, 234], [214, 234], [216, 234], [217, 234], [204, 235], [205, 235], [215, 235], [216, 235], [206, 236], [212, 237], [215, 237], [219, 237], [203, 238], [214, 238], [223, 239], [225, 239], [228, 239], [230, 239], [232, 239], [235, 239], [230, 240], [231, 240], [238, 240], [224, 241], [226, 241], [227, 241], [234, 241], [227, 242], [233, 242], [234, 242], [226, 243], [236, 243], [238, 243], [224, 244], [234, 244], [237, 244], [227, 245], [235, 245], [225, 246], [226, 246], [227, 246], [233, 246], [220, 247], [225, 247], [234, 247], [236, 247], [220, 248], [228, 248], [231, 248], [238, 248], [230, 249], [232, 249], [221, 250], [222, 250], [226, 250], [235, 250], [232, 251], [237, 251], [235, 252], [236, 252], [224, 253], [231, 253], [233, 253], [221, 254], [224, 254], [225, 254], [229, 254], [233, 254], [228, 255], [235, 255], [228, 256], [238, 256], [241, 257], [244, 257], [247, 257], [256, 257], [243, 258], [249, 258], [240, 259], [247, 259], [250, 259], [253, 259], [254, 259], [246, 260], [256, 260], [240, 261], [241, 261], [243, 261], [245, 261], [255, 261], [242, 262], [247, 262], [253, 262], [254, 262], [241, 263], [246, 263], [249, 263], [250, 263], [256, 263], [242, 264], [243, 264], [246, 264], [241, 265], [242, 265], [243, 265], [250, 266], [253, 266], [254, 266], [243, 267], [252, 267], [250, 268], [251, 269], [239, 270], [250, 270], [247, 271], [253, 271], [256, 271], [240, 272], [252, 272], [241, 273], [248, 273], [251, 273], [249, 274], [259, 275], [260, 275], [263, 275], [265, 275], [269, 275], [264, 276], [267, 276], [271, 276], [274, 276], [260, 277], [268, 277], [261, 278], [264, 278], [268, 278], [258, 279], [259, 279], [262, 279], [271, 279], [258, 280], [260, 280], [257, 281], [269, 281], [271, 281], [272, 281], [257, 282], [260, 282], [270, 282], [271, 282], [274, 282], [262, 283], [269, 283], [259, 284], [266, 284], [270, 284], [273, 284], [258, 285], [273, 285], [266, 286], [270, 286], [265, 287], [266, 287], [268, 287], [270, 287], [272, 287], [273, 287], [261, 288], [262, 288], [263, 288], [272, 288], [257, 289], [261, 289], [266, 289], [268, 289], [274, 289], [259, 290], [258, 291], [260, 291], [261, 291], [268, 291], [271, 291], [261, 292], [265, 292], [269, 292], [270, 292], [276, 293], [279, 293], [285, 293], [289, 293], [292, 293], [277, 294], [284, 294], [277, 295], [285, 295], [282, 296], [283, 296], [286, 296], [277, 297], [278, 297], [284, 297], [287, 297], [288, 297], [276, 298], [277, 298], [283, 298], [292, 298], [276, 299], [280, 299], [286, 299], [289, 299], [291, 299], [275, 300], [282, 300], [290, 300], [292, 300], [284, 301], [288, 301], [276, 302], [278, 302], [286, 302], [290, 302], [281, 304], [278, 305], [280, 305], [275, 306], [277, 306], [278, 306], [286, 306], [287, 306], [290, 306], [282, 307], [286, 307], [290, 307], [276, 308], [291, 308], [275, 309], [282, 309], [289, 309], [292, 309], [283, 310], [290, 310], [316, 317], [315, 318], [312, 319], [313, 319], [316, 319], [311, 320], [312, 320], [316, 320], [312, 321], [313, 321], [314, 321], [311, 322], [314, 322], [314, 323], [316, 323], [311, 324], [312, 324], [314, 324], [321, 325], [323, 325], [321, 326], [322, 326], [323, 326], [318, 327], [319, 327], [317, 328], [322, 328], [323, 328], [320, 329], [321, 329], [322, 329], [321, 330], [323, 330], [319, 331], [324, 331], [327, 332], [329, 332], [331, 332], [326, 333], [329, 333], [331, 333], [325, 334], [326, 334], [327, 334], [330, 334], [328, 335], [326, 336], [327, 336], [329, 336], [330, 336], [331, 336], [326, 337], [328, 337], [329, 337], [331, 337], [328, 338], [332, 339], [335, 339], [332, 340], [334, 340], [337, 340], [333, 341], [334, 341], [338, 342], [332, 343], [334, 344], [335, 344], [336, 344], [337, 344], [338, 344], [334, 345], [337, 345], [332, 346], [336, 346], [337, 346], [343, 347], [341, 348], [345, 348], [343, 349], [346, 349], [341, 350], [342, 350], [343, 350], [346, 350], [342, 351], [344, 351], [339, 352], [340, 352], [341, 352], [342, 352], [346, 352], [342, 353], [345, 353], [346, 353], [347, 355], [352, 355], [354, 355], [347, 356], [349, 356], [352, 356], [348, 357], [354, 359], [351, 360], [353, 360], [347, 361], [354, 361], [347, 362], [349, 362], [350, 362], [354, 362]]
k=157
result=[109, 7097]

